Angle (deg)	0
Gate  No.	Time [ms]	Counts
0	20	1720
1	40	1750
2	60	1780
3	80	1709
4	100	1728
5	120	1788
6	140	1795
7	160	1777
8	180	1780
9	200	1723
10	220	1715
11	240	1681
12	260	1794
13	280	1728
14	300	1732
15	320	1704
16	340	1758
17	360	1699
18	380	1744
19	400	1766
20	420	1691
21	440	1732
22	460	1700
23	480	1787
24	500	1741
25	520	1737
26	540	1813
27	560	1700
28	580	1846
29	600	1744
30	620	1816
31	640	1692
32	660	1783
33	680	1806
34	700	1762
35	720	1815
36	740	1798
37	760	1723
38	780	1711
39	800	1758
Mean	Std. Dev.
1750.650	41.804
Angle (deg)	10
Gate  No.	Time [ms]	Counts
0	20	2451
1	40	2426
2	60	2460
3	80	2583
4	100	2499
5	120	2480
6	140	2537
7	160	2535
8	180	2587
9	200	2537
10	220	2532
11	240	2518
12	260	2511
13	280	2613
14	300	2524
15	320	2530
16	340	2476
17	360	2551
18	380	2532
19	400	2511
20	420	2483
21	440	2467
22	460	2466
23	480	2565
24	500	2485
25	520	2526
26	540	2583
27	560	2542
28	580	2637
29	600	2482
30	620	2395
31	640	2515
32	660	2555
33	680	2471
34	700	2599
35	720	2513
36	740	2464
37	760	2508
38	780	2502
39	800	2535
Mean	Std. Dev.
2517.150	50.549
Angle (deg)	20
Gate  No.	Time [ms]	Counts
0	20	1813
1	40	1782
2	60	1809
3	80	1846
4	100	1958
5	120	1842
6	140	1836
7	160	1843
8	180	1916
9	200	1868
10	220	1783
11	240	1811
12	260	1929
13	280	1899
14	300	1881
15	320	1877
16	340	1789
17	360	1917
18	380	1845
19	400	1869
20	420	1836
21	440	1891
22	460	1823
23	480	1844
24	500	1827
25	520	1866
26	540	1825
27	560	1851
28	580	1854
29	600	1827
30	620	1881
31	640	1874
32	660	1868
33	680	1839
34	700	1925
35	720	1815
36	740	1912
37	760	1832
38	780	1843
39	800	1829
Mean	Std. Dev.
1854.375	41.325
Angle (deg)	30
Gate  No.	Time [ms]	Counts
0	20	518
1	40	536
2	60	504
3	80	578
4	100	545
5	120	489
6	140	507
7	160	543
8	180	580
9	200	562
10	220	544
11	240	525
12	260	532
13	280	572
14	300	534
15	320	589
16	340	545
17	360	571
18	380	500
19	400	539
20	420	544
21	440	587
22	460	521
23	480	599
24	500	550
25	520	556
26	540	538
27	560	594
28	580	525
29	600	599
30	620	512
31	640	562
32	660	546
33	680	541
34	700	515
35	720	559
36	740	563
37	760	536
38	780	565
39	800	541
Mean	Std. Dev.
546.650	27.801
Angle (deg)	40
Gate  No.	Time [ms]	Counts
0	20	91
1	40	92
2	60	87
3	80	102
4	100	79
5	120	89
6	140	88
7	160	102
8	180	89
9	200	71
10	220	80
11	240	84
12	260	75
13	280	81
14	300	90
15	320	94
16	340	75
17	360	76
18	380	80
19	400	78
20	420	83
21	440	100
22	460	90
23	480	98
24	500	85
25	520	102
26	540	92
27	560	91
28	580	70
29	600	89
30	620	97
31	640	66
32	660	84
33	680	94
34	700	74
35	720	105
36	740	114
37	760	79
38	780	94
39	800	94
Mean	Std. Dev.
87.600	10.570
Angle (deg)	50
Gate  No.	Time [ms]	Counts
0	20	451
1	40	370
2	60	401
3	80	425
4	100	391
5	120	427
6	140	422
7	160	399
8	180	378
9	200	404
10	220	380
11	240	405
12	260	383
13	280	396
14	300	428
15	320	390
16	340	396
17	360	422
18	380	400
19	400	360
20	420	406
21	440	408
22	460	381
23	480	384
24	500	397
25	520	379
26	540	428
27	560	386
28	580	365
29	600	411
30	620	449
31	640	357
32	660	426
33	680	409
34	700	387
35	720	404
36	740	424
37	760	375
38	780	376
39	800	421
Mean	Std. Dev.
400.025	22.949
Angle (deg)	60
Gate  No.	Time [ms]	Counts
0	20	435
1	40	366
2	60	447
3	80	456
4	100	419
5	120	398
6	140	419
7	160	403
8	180	444
9	200	432
10	220	404
11	240	409
12	260	432
13	280	427
14	300	435
15	320	415
16	340	412
17	360	439
18	380	468
19	400	430
20	420	427
21	440	399
22	460	418
23	480	463
24	500	459
25	520	420
26	540	445
27	560	414
28	580	464
29	600	413
30	620	423
31	640	428
32	660	429
33	680	433
34	700	434
35	720	426
36	740	424
37	760	435
38	780	449
39	800	387
Mean	Std. Dev.
427.000	21.235
Angle (deg)	70
Gate  No.	Time [ms]	Counts
0	20	126
1	40	93
2	60	103
3	80	125
4	100	115
5	120	119
6	140	114
7	160	123
8	180	117
9	200	130
10	220	108
11	240	105
12	260	100
13	280	119
14	300	132
15	320	137
16	340	135
17	360	104
18	380	130
19	400	126
20	420	132
21	440	114
22	460	108
23	480	140
24	500	99
25	520	96
26	540	127
27	560	117
28	580	88
29	600	121
30	620	109
31	640	114
32	660	121
33	680	104
34	700	93
35	720	135
36	740	116
37	760	115
38	780	115
39	800	109
Mean	Std. Dev.
115.850	13.174
Angle (deg)	80
Gate  No.	Time [ms]	Counts
0	20	478
1	40	499
2	60	513
3	80	528
4	100	489
5	120	538
6	140	523
7	160	529
8	180	513
9	200	489
10	220	515
11	240	513
12	260	547
13	280	476
14	300	487
15	320	475
16	340	507
17	360	523
18	380	495
19	400	518
20	420	563
21	440	498
22	460	458
23	480	505
24	500	502
25	520	498
26	540	464
27	560	478
28	580	472
29	600	510
30	620	492
31	640	469
32	660	518
33	680	523
34	700	533
35	720	474
36	740	476
37	760	506
38	780	541
39	800	485
Mean	Std. Dev.
503.000	24.702
Angle (deg)	90
Gate  No.	Time [ms]	Counts
0	20	1713
1	40	1798
2	60	1769
3	80	1714
4	100	1733
5	120	1814
6	140	1783
7	160	1782
8	180	1688
9	200	1749
10	220	1855
11	240	1742
12	260	1780
13	280	1742
14	300	1746
15	320	1728
16	340	1787
17	360	1801
18	380	1763
19	400	1797
20	420	1686
21	440	1784
22	460	1751
23	480	1749
24	500	1775
25	520	1854
26	540	1712
27	560	1721
28	580	1788
29	600	1772
30	620	1742
31	640	1868
32	660	1788
33	680	1721
34	700	1634
35	720	1828
36	740	1755
37	760	1769
38	780	1738
39	800	1669
Mean	Std. Dev.
1759.700	49.257
Angle (deg)	100
Gate  No.	Time [ms]	Counts
0	20	2551
1	40	2525
2	60	2491
3	80	2454
4	100	2570
5	120	2554
6	140	2561
7	160	2540
8	180	2535
9	200	2472
10	220	2521
11	240	2562
12	260	2510
13	280	2502
14	300	2538
15	320	2558
16	340	2486
17	360	2463
18	380	2554
19	400	2512
20	420	2519
21	440	2581
22	460	2537
23	480	2559
24	500	2602
25	520	2490
26	540	2512
27	560	2523
28	580	2503
29	600	2488
30	620	2504
31	640	2537
32	660	2503
33	680	2491
34	700	2560
35	720	2564
36	740	2528
37	760	2487
38	780	2546
39	800	2632
Mean	Std. Dev.
2528.125	37.729
Angle (deg)	110
Gate  No.	Time [ms]	Counts
0	20	1882
1	40	1863
2	60	1861
3	80	1843
4	100	1876
5	120	1812
6	140	1975
7	160	1848
8	180	1881
9	200	1860
10	220	1801
11	240	1865
12	260	1890
13	280	1873
14	300	1838
15	320	1933
16	340	1794
17	360	1877
18	380	1829
19	400	1858
20	420	1938
21	440	1827
22	460	1779
23	480	1897
24	500	1862
25	520	1887
26	540	1937
27	560	1881
28	580	1852
29	600	1924
30	620	1875
31	640	1850
32	660	1854
33	680	1797
34	700	1934
35	720	1835
36	740	1795
37	760	1863
38	780	1901
39	800	1935
Mean	Std. Dev.
1867.050	45.149
Angle (deg)	120
Gate  No.	Time [ms]	Counts
0	20	576
1	40	585
2	60	561
3	80	568
4	100	553
5	120	593
6	140	626
7	160	589
8	180	628
9	200	590
10	220	557
11	240	576
12	260	622
13	280	631
14	300	593
15	320	647
16	340	578
17	360	559
18	380	562
19	400	565
20	420	595
21	440	614
22	460	568
23	480	583
24	500	590
25	520	621
26	540	557
27	560	572
28	580	569
29	600	552
30	620	618
31	640	596
32	660	575
33	680	602
34	700	623
35	720	566
36	740	611
37	760	536
38	780	579
39	800	595
Mean	Std. Dev.
587.025	26.225
Angle (deg)	130
Gate  No.	Time [ms]	Counts
0	20	138
1	40	130
2	60	111
3	80	153
4	100	113
5	120	120
6	140	127
7	160	114
8	180	116
9	200	133
10	220	127
11	240	138
12	260	123
13	280	129
14	300	128
15	320	151
16	340	146
17	360	132
18	380	146
19	400	170
20	420	122
21	440	142
22	460	129
23	480	115
24	500	147
25	520	133
26	540	134
27	560	143
28	580	136
29	600	116
30	620	116
31	640	128
32	660	118
33	680	142
34	700	120
35	720	124
36	740	134
37	760	158
38	780	121
39	800	130
Mean	Std. Dev.
131.325	13.474
Angle (deg)	140
Gate  No.	Time [ms]	Counts
0	20	400
1	40	471
2	60	428
3	80	409
4	100	423
5	120	427
6	140	379
7	160	400
8	180	411
9	200	406
10	220	413
11	240	477
12	260	414
13	280	421
14	300	401
15	320	417
16	340	392
17	360	395
18	380	399
19	400	435
20	420	443
21	440	414
22	460	418
23	480	398
24	500	401
25	520	409
26	540	414
27	560	410
28	580	403
29	600	420
30	620	410
31	640	421
32	660	412
33	680	398
34	700	443
35	720	427
36	740	422
37	760	405
38	780	427
39	800	396
Mean	Std. Dev.
415.225	19.289
Angle (deg)	150
Gate  No.	Time [ms]	Counts
0	20	401
1	40	436
2	60	444
3	80	472
4	100	464
5	120	427
6	140	441
7	160	456
8	180	435
9	200	390
10	220	404
11	240	417
12	260	392
13	280	429
14	300	400
15	320	396
16	340	414
17	360	458
18	380	418
19	400	429
20	420	436
21	440	414
22	460	394
23	480	428
24	500	444
25	520	443
26	540	444
27	560	422
28	580	411
29	600	406
30	620	423
31	640	419
32	660	433
33	680	402
34	700	452
35	720	441
36	740	410
37	760	417
38	780	434
39	800	414
Mean	Std. Dev.
425.250	20.641
Angle (deg)	160
Gate  No.	Time [ms]	Counts
0	20	100
1	40	141
2	60	103
3	80	97
4	100	133
5	120	109
6	140	128
7	160	114
8	180	103
9	200	112
10	220	109
11	240	136
12	260	101
13	280	125
14	300	125
15	320	105
16	340	121
17	360	136
18	380	114
19	400	131
20	420	124
21	440	99
22	460	115
23	480	139
24	500	108
25	520	111
26	540	129
27	560	122
28	580	127
29	600	133
30	620	104
31	640	122
32	660	132
33	680	117
34	700	113
35	720	130
36	740	97
37	760	119
38	780	110
39	800	104
Mean	Std. Dev.
117.450	12.798
Angle (deg)	170
Gate  No.	Time [ms]	Counts
0	20	461
1	40	466
2	60	494
3	80	500
4	100	491
5	120	472
6	140	460
7	160	501
8	180	445
9	200	499
10	220	491
11	240	518
12	260	464
13	280	529
14	300	455
15	320	477
16	340	467
17	360	480
18	380	511
19	400	473
20	420	431
21	440	464
22	460	483
23	480	482
24	500	483
25	520	484
26	540	448
27	560	460
28	580	456
29	600	508
30	620	466
31	640	495
32	660	493
33	680	486
34	700	466
35	720	455
36	740	526
37	760	454
38	780	440
39	800	478
Mean	Std. Dev.
477.800	23.165
Angle (deg)	180
Gate  No.	Time [ms]	Counts
0	20	1717
1	40	1696
2	60	1595
3	80	1685
4	100	1694
5	120	1738
6	140	1627
7	160	1624
8	180	1619
9	200	1642
10	220	1653
11	240	1647
12	260	1609
13	280	1586
14	300	1646
15	320	1623
16	340	1691
17	360	1677
18	380	1691
19	400	1742
20	420	1634
21	440	1636
22	460	1657
23	480	1650
24	500	1733
25	520	1738
26	540	1721
27	560	1654
28	580	1695
29	600	1677
30	620	1614
31	640	1631
32	660	1711
33	680	1668
34	700	1651
35	720	1609
36	740	1654
37	760	1642
38	780	1671
39	800	1659
Mean	Std. Dev.
1662.675	41.251
Angle Itr.	Counts Mean	
0.000	229.930
10.000	403.560
20.000	82.450
30.000	134.610
40.000	87.700
50.000	407.340
60.000	223.420
70.000	99.240
80.000	92.830
90.000	221.990
100.000	1181.190
110.000	2033.710
120.000	417.620
130.000	675.800
140.000	449.980
150.000	2041.150
160.000	1135.160
170.000	517.660
180.000	488.790
190.000	1123.960
200.000	1156.210
210.000	1658.450
220.000	2066.470
230.000	2190.530
240.000	2027.220
250.000	1613.650
260.000	1099.660
270.000	668.020
280.000	414.430
290.000	375.140
300.000	474.280
310.000	612.900
320.000	669.030
330.000	783.850
340.000	661.920
350.000	816.970
360.000	454.660
370.000	726.700
380.000	1173.860
390.000	1659.140
400.000	2038.680
410.000	1750.650
420.000	2517.150
430.000	1854.375
440.000	546.650
450.000	87.600
460.000	400.025
470.000	427.000
480.000	115.850
490.000	503.000
500.000	1759.700
510.000	2528.125
520.000	1867.050
530.000	587.025
540.000	131.325
550.000	415.225
560.000	425.250
570.000	117.450
580.000	477.800
590.000	1662.675
Mean	Std. Dev.
892.730	717.593
