-5000.0000000000	0.0001070486	-0.1214553952	0.0005775759	-88.2095412619
-4900.0000000000	0.0001060020	2.9248907863	0.0005752640	-88.2466055377
-4800.0000000000	0.0001026977	1.5806184358	0.0005678966	-88.2448765023
-4700.0000000000	0.0001078179	0.8090931619	0.0005587789	-88.2473406308
-4600.0000000000	0.0001085878	3.2599214055	0.0005551398	-88.2398825635
-4500.0000000000	0.0001055527	1.8519063168	0.0005453571	-88.1021346749
-4400.0000000000	0.0001095695	0.5304363732	0.0005411413	-88.2176675638
-4300.0000000000	0.0001139532	1.1114519849	0.0005354083	-88.1750604152
-4200.0000000000	0.0001098173	1.7130214499	0.0005319756	-88.2038585001
-4100.0000000000	0.0001157107	-0.6337092207	0.0005272411	-88.2238326204
-4000.0000000000	0.0001164341	2.1107361866	0.0005153043	-88.1579784906
-3900.0000000000	0.0001117819	2.2850629962	0.0005106325	-88.1743545658
-3800.0000000000	0.0001147222	0.7854196336	0.0005026624	-88.1781828270
-3700.0000000000	0.0001186802	2.5872066122	0.0004967679	-88.1897128072
-3600.0000000000	0.0001179647	0.4034319477	0.0004852668	-88.1049283920
-3500.0000000000	0.0001197048	-0.1490637910	0.0004737524	-88.1295646855
-3400.0000000000	0.0001182531	1.2929539329	0.0004658126	-88.1302551315
-3300.0000000000	0.0001187015	2.3888664306	0.0004535009	-88.1484831003
-3200.0000000000	0.0001167326	-0.0116126920	0.0004457938	-88.0828890104
-3100.0000000000	0.0001210535	1.4191854132	0.0004354710	-88.1545536376
-3000.0000000000	0.0001227670	1.1674146660	0.0004292895	-88.0748768829
-2900.0000000000	0.0001204934	-0.8652835959	0.0004167392	-88.0836332525
-2800.0000000000	0.0001244936	-0.7718302009	0.0004057185	-88.0583753542
-2700.0000000000	0.0001210809	2.2443885218	0.0003934112	-88.0439857981
-2600.0000000000	0.0001206812	-1.0608567605	0.0003826642	-87.9337845400
-2500.0000000000	0.0001258386	-0.1113073125	0.0003740393	-87.9938515463
-2400.0000000000	0.0001220101	1.8122451229	0.0003605524	-87.9358954594
-2300.0000000000	0.0001223494	-0.0399992261	0.0003461635	-87.9718723611
-2200.0000000000	0.0001233735	-0.0038222050	0.0003368100	-87.9960570581
-2100.0000000000	0.0001231597	0.3819783621	0.0003249650	-87.8784589701
-2000.0000000000	0.0001266092	-1.0936391062	0.0003163873	-87.9305754636
-1900.0000000000	0.0001248643	0.3430471722	0.0003014908	-87.8212727843
-1800.0000000000	0.0001265376	0.0966976770	0.0002888384	-87.9177105446
-1700.0000000000	0.0001248749	-1.1901781997	0.0002758014	-87.7859481204
-1600.0000000000	0.0001257501	0.6581969028	0.0002629379	-87.6609831601
-1500.0000000000	0.0001248799	0.7994149058	0.0002505967	-87.7126857913
-1400.0000000000	0.0001271627	0.5970211224	0.0002388907	-87.7719855204
-1300.0000000000	0.0001301459	-1.0794753709	0.0002286825	-87.8229646606
-1200.0000000000	0.0001273574	-0.3155239636	0.0002134735	-87.8303559130
-1100.0000000000	0.0001244927	0.6819969884	0.0002018123	-87.5370667642
-1000.0000000000	0.0001268672	-1.1538741646	0.0001857467	-87.5029418764
-900.0000000000	0.0001297425	1.4281828093	0.0001736971	-87.4828570530
-800.0000000000	0.0001282126	0.6954766238	0.0001596935	-87.3739264148
-700.0000000000	0.0001274230	-1.4249431805	0.0001457212	-87.1288496675
-600.0000000000	0.0001282585	0.2007300105	0.0001323080	-87.1226481392
-500.0000000000	0.0001262678	0.4094154106	0.0001193222	-86.8356499973
-400.0000000000	0.0001271414	-1.1193411848	0.0001051624	-86.7800853405
-300.0000000000	0.0001300574	0.6969233626	0.0000908915	-86.3357905783
-200.0000000000	0.0001252104	0.5883130987	0.0000770330	-85.7275960626
-100.0000000000	0.0001263302	0.0805322378	0.0000626712	-85.1387790810
0.0000000000	0.0001309213	0.1422626323	0.0000482451	-84.6818981536
100.0000000000	0.0001258336	1.7964517356	0.0000336506	-82.0656815653
200.0000000000	0.0001268886	0.2356903676	0.0000188689	-76.1816971017
300.0000000000	0.0001261784	-0.4561418322	0.0000054815	-48.6261303625
400.0000000000	0.0001240403	-0.2220434270	0.0000103723	70.8433240857
500.0000000000	0.0001244991	-0.0224687604	0.0000236238	81.7940060976
600.0000000000	0.0001271926	-0.9436708385	0.0000372767	85.3734087756
700.0000000000	0.0001251071	1.5414255113	0.0000511694	87.3384681862
800.0000000000	0.0001231012	-0.7628008595	0.0000652127	88.3198219245
900.0000000000	0.0001248415	-0.3779538150	0.0000787226	88.4439031919
1000.0000000000	0.0001256327	1.6338053282	0.0000922792	89.1176899545
1100.0000000000	0.0001259252	0.2723110605	0.0001075100	89.5243441899
1200.0000000000	0.0001256341	1.1189074544	0.0001203742	89.5413375492
1300.0000000000	0.0001218665	0.6958583498	0.0001334180	89.6504421767
1400.0000000000	0.0001214486	-0.3805513614	0.0001470728	90.0090703768
1500.0000000000	0.0001234981	1.2390504916	0.0001591002	89.9205823367
1600.0000000000	0.0001220804	0.6528185100	0.0001721185	90.2149402348
1700.0000000000	0.0001219797	-0.3401494719	0.0001849902	90.2044312024
1800.0000000000	0.0001212226	0.4974344360	0.0001985692	90.3011249800
1900.0000000000	0.0001185583	0.1247415242	0.0002124033	90.4211704846
2000.0000000000	0.0001203339	-0.8057568979	0.0002265330	90.4001563235
2100.0000000000	0.0001218876	0.0703140085	0.0002397187	90.4571100754
2200.0000000000	0.0001207949	1.3864773757	0.0002542053	90.5952942173
2300.0000000000	0.0001175125	-0.8090959057	0.0002650085	90.5641683468
2400.0000000000	0.0001187971	-0.0324045467	0.0002757297	90.6034166753
2500.0000000000	0.0001168804	1.0510078276	0.0002852545	90.5348842696
2600.0000000000	0.0001145664	-0.6892847355	0.0002981342	90.6863246852
2700.0000000000	0.0001173628	0.7062964804	0.0003092879	90.6393425026
2800.0000000000	0.0001142743	0.5694294043	0.0003219518	90.6909835239
2900.0000000000	0.0001130364	-0.5436558503	0.0003309443	90.7738936730
3000.0000000000	0.0001152490	0.4921551274	0.0003404554	90.7134302413
3100.0000000000	0.0001113628	0.7237380952	0.0003516417	90.7975602344
3200.0000000000	0.0001106609	-0.6581612834	0.0003621436	90.7909834038
3300.0000000000	0.0001119703	0.7460326783	0.0003703415	90.6554591564
3400.0000000000	0.0001110046	1.2731894187	0.0004067071	90.8324394008
3500.0000000000	0.0001120742	0.1530492686	0.0004201225	90.8771434126
3600.0000000000	0.0001115690	0.5234417448	0.0004247556	90.7877312454
3700.0000000000	0.0001093689	0.7431603298	0.0004400439	90.8289327776
3800.0000000000	0.0001096360	-0.0686822769	0.0004506156	90.9093977195
3900.0000000000	0.0001089716	0.7086326354	0.0004519051	90.8850934865
4000.0000000000	0.0001072478	1.6934887464	0.0004623958	90.9848112198
4100.0000000000	0.0001054866	0.0270145727	0.0004732399	90.9064229383
4200.0000000000	0.0001069078	0.8105574975	0.0004753363	90.9463889084
4300.0000000000	0.0001014806	1.5977719663	0.0004772516	90.8621840681
4400.0000000000	0.0001005216	-0.5738866883	0.0004878442	90.8737088023
4500.0000000000	0.0001033145	0.2022630515	0.0005028781	91.0004815061
4600.0000000000	0.0000994367	1.6435153703	0.0004993976	90.9412629205
4700.0000000000	0.0000977600	0.1440919265	0.0005119430	90.8398716944
4800.0000000000	0.0000991558	1.0352918633	0.0005122839	90.9495857362
4900.0000000000	0.0000970570	2.0532477290	0.0005237778	91.0453468963
5000.0000000000	0.0000944067	0.3973966998	0.0005267279	90.9076056859
4900.0000000000	0.0000994153	1.2750209093	0.0005232571	90.9291140414
4800.0000000000	0.0000980599	1.9628282457	0.0005166886	90.8729477002
4700.0000000000	0.0000970535	-0.5104590927	0.0005113045	90.9335982367
4600.0000000000	0.0001010143	0.1797521194	0.0005081388	90.9317218229
4500.0000000000	0.0001011855	2.1295959727	0.0004972298	90.9148553230
4400.0000000000	0.0001015328	0.2015882737	0.0004923199	90.9519865634
4300.0000000000	0.0001062833	0.9736271491	0.0004871843	90.9002582311
4200.0000000000	0.0001063299	1.5860832351	0.0004819766	90.8042525194
4100.0000000000	0.0001079723	-0.0571532253	0.0004774673	90.8326920378
4000.0000000000	0.0001076931	0.9528613663	0.0004711769	90.8637781553
3900.0000000000	0.0001071651	1.2203433130	0.0004590011	90.8899593276
3800.0000000000	0.0001073734	-0.6564424023	0.0004511108	90.8057462987
3700.0000000000	0.0001100577	0.9892793891	0.0004410395	90.8342125574
3600.0000000000	0.0001110962	1.4884195931	0.0004345667	90.7615834467
3500.0000000000	0.0001138054	-0.5907732284	0.0004258625	90.7314157341
3400.0000000000	0.0001160572	0.8121572021	0.0004162683	90.7386081274
3300.0000000000	0.0001170546	0.7961513686	0.0004066987	90.8139311317
3200.0000000000	0.0001155017	0.1704595663	0.0003975653	90.7760184358
3100.0000000000	0.0001164239	-0.6561844861	0.0003851847	90.7144529442
3000.0000000000	0.0001199209	1.6161142603	0.0003722839	90.6963948903
2900.0000000000	0.0001167027	0.4804098694	0.0003631091	90.6776331481
2800.0000000000	0.0001197303	0.7047836359	0.0003494551	90.5546021686
2700.0000000000	0.0001221489	1.7116640154	0.0003415785	90.7081244203
2600.0000000000	0.0001173729	-0.1153411464	0.0003291893	90.5180803620
2500.0000000000	0.0001212293	-1.0361658146	0.0003168461	90.5575110311
2400.0000000000	0.0001204121	-0.3091126571	0.0003041731	90.5267902058
2300.0000000000	0.0001207723	0.9259835151	0.0002924581	90.5516213404
2200.0000000000	0.0001226302	0.1431729046	0.0002804761	90.4220259181
2100.0000000000	0.0001263043	0.5702751111	0.0002697503	90.4558624442
2000.0000000000	0.0001233142	0.8209467060	0.0002563358	90.3968632586
1900.0000000000	0.0001231478	-0.5746072672	0.0002430144	90.4392320134
1800.0000000000	0.0001267637	0.0562493027	0.0002309399	90.2777738367
1700.0000000000	0.0001232988	-0.0819301947	0.0002177432	90.1447205650
1600.0000000000	0.0001266583	0.1595447301	0.0002057299	90.1641468227
1500.0000000000	0.0001276703	-0.1489817099	0.0001913432	90.0657969219
1400.0000000000	0.0001264492	0.5386822763	0.0001788379	89.9298424093
1300.0000000000	0.0001241964	-0.4163215356	0.0001649264	89.8889392212
1200.0000000000	0.0001303373	-1.0026076973	0.0001527965	89.9243669111
1100.0000000000	0.0001276333	1.7322151150	0.0001391520	89.4075201609
1000.0000000000	0.0001266910	-1.2806142118	0.0001250114	89.5048833851
900.0000000000	0.0001296601	0.2601509577	0.0001125686	89.3040327988
800.0000000000	0.0001303439	1.8599793693	0.0000960804	88.9517069887
700.0000000000	0.0001259639	-0.9663944072	0.0000821491	88.2575807130
600.0000000000	0.0001290536	0.2600211231	0.0000682488	87.6408363080
500.0000000000	0.0001329884	0.4427842117	0.0000547488	87.0560026040
400.0000000000	0.0001307316	-0.1974232435	0.0000407314	85.8193100400
300.0000000000	0.0001340720	-0.5429418315	0.0000266760	82.5702170208
200.0000000000	0.0001304683	1.6131042188	0.0000131527	72.4573106377
100.0000000000	0.0001280725	0.6072101479	0.0000043356	-19.4283310455
0.0000000000	0.0001315067	-0.2721124696	0.0000162659	-74.3858455546
-100.0000000000	0.0001306874	1.4658719982	0.0000301109	-80.3209878815
-200.0000000000	0.0001320174	0.0400988340	0.0000448794	-83.0282561988
-300.0000000000	0.0001318904	-1.1527971420	0.0000580245	-84.5987286759
-400.0000000000	0.0001323840	1.6571439012	0.0000756819	-85.2702989388
-500.0000000000	0.0001284787	1.0825671790	0.0000895084	-85.9673985243
-600.0000000000	0.0001331029	0.1410902063	0.0001043458	-86.4523759309
-700.0000000000	0.0001330990	-0.0739160540	0.0001197901	-86.5190741065
-800.0000000000	0.0001293489	0.6996104021	0.0001331868	-86.9126313473
-900.0000000000	0.0001301909	0.0403383621	0.0001468461	-87.0097129976
-1000.0000000000	0.0001320580	0.4481000690	0.0001598799	-87.2375903705
-1100.0000000000	0.0001294308	-0.5289607047	0.0001726440	-87.2337669772
-1200.0000000000	0.0001299654	0.3239800599	0.0001871202	-87.4338127195
-1300.0000000000	0.0001305361	0.0480263448	0.0001983763	-87.5077416697
-1400.0000000000	0.0001275803	-0.3093042151	0.0002113189	-87.5770793998
-1500.0000000000	0.0001288374	-0.1632292177	0.0002270764	-87.6196013294
-1600.0000000000	0.0001290337	1.2386004224	0.0002397569	-87.7156368893
-1700.0000000000	0.0001294547	1.1775715884	0.0002523795	-87.7462007622
-1800.0000000000	0.0001314775	-0.0481662445	0.0002658051	-87.6933498063
-1900.0000000000	0.0001295115	0.5871028975	0.0002765675	-87.7185331984
-2000.0000000000	0.0001263351	0.2425004501	0.0002878079	-87.7466106748
-2100.0000000000	0.0001271871	-0.9038743511	0.0002975333	-87.7878401392
-2200.0000000000	0.0001299359	0.5954281222	0.0003115414	-87.8445697940
-2300.0000000000	0.0001263847	0.4056215294	0.0003226643	-87.8660305619
-2400.0000000000	0.0001255201	0.7148984539	0.0003359019	-87.9009357040
-2500.0000000000	0.0001258984	1.7502255330	0.0003481863	-87.8834886520
-2600.0000000000	0.0001256457	0.5642922086	0.0003577923	-88.0085495720
-2700.0000000000	0.0001261262	-0.9105260939	0.0003697916	-88.0225887823
-2800.0000000000	0.0001239179	1.4733769413	0.0003800814	-88.0268218766
-2900.0000000000	0.0001209828	0.8276731679	0.0003916371	-88.0044133077
-3000.0000000000	0.0001215664	-0.3792612284	0.0004002567	-88.0283660677
-3100.0000000000	0.0001260341	2.2459600870	0.0004122336	-88.0492500804
-3200.0000000000	0.0001213754	1.8253765803	0.0004226397	-88.1169223941
-3300.0000000000	0.0001224536	-0.5356699779	0.0004342033	-88.0867326894
-3400.0000000000	0.0001213005	0.6060415332	0.0004429744	-88.1524485311
-3500.0000000000	0.0001159855	2.0003337190	0.0004507378	-88.1346450167
-3600.0000000000	0.0001171745	0.8411962207	0.0004880526	-88.1364423100
-3700.0000000000	0.0001163134	0.6736592092	0.0004942894	-88.1608477086
-3800.0000000000	0.0001143500	-0.0000861579	0.0005024782	-88.1368382114
-3900.0000000000	0.0001160648	1.2815415013	0.0005085234	-88.2028044297
-4000.0000000000	0.0001167404	2.2923709555	0.0005137813	-88.2519445413
-4100.0000000000	0.0001130002	1.0909933262	0.0005215635	-88.1734267128
-4200.0000000000	0.0001101159	0.7919826831	0.0005280739	-88.2743668047
-4300.0000000000	0.0001133187	3.0899917423	0.0005320412	-88.2763299267
-4400.0000000000	0.0001067825	1.6686453425	0.0005340187	-88.2363850390
-4500.0000000000	0.0001080455	-0.2099704565	0.0005412198	-88.1534602722
-4600.0000000000	0.0001102116	2.4689877766	0.0005505172	-88.2263582568
-4700.0000000000	0.0001036001	0.3221103246	0.0005535172	-88.2552756368
-4800.0000000000	0.0001049254	-0.1381376676	0.0005562081	-88.2122112872
-4900.0000000000	0.0001063856	1.8246722540	0.0005634844	-88.2560451306
-5000.0000000000	0.0001030321	1.2691769933	0.0005679455	-88.2605543627
-5000.0000000000	0.0001033079	0.3875750549	0.0005675229	-88.2737403416
-4900.0000000000	0.0001056259	2.9130995402	0.0005670227	-88.2855859203
-4800.0000000000	0.0001018051	0.8043566941	0.0005609273	-88.2188036975
-4700.0000000000	0.0001058407	-0.0164798187	0.0005566240	-88.2678694837
-4600.0000000000	0.0001068552	2.3061040206	0.0005503278	-88.2000157401
-4500.0000000000	0.0001075543	-0.0085202881	0.0005438959	-88.2633431587
-4400.0000000000	0.0001124913	0.1824456113	0.0005391934	-88.2604473322
-4300.0000000000	0.0001135579	2.7932959219	0.0005358781	-88.1494105049
-4200.0000000000	0.0001120352	1.6427873187	0.0005271553	-88.2248226054
-4100.0000000000	0.0001137588	1.2529816644	0.0005246383	-88.2476443478
-4000.0000000000	0.0001162566	2.4176255051	0.0005141570	-88.2238218225
-3900.0000000000	0.0001143292	0.4661045741	0.0005076875	-88.1478253880
-3800.0000000000	0.0001180366	0.9491048317	0.0004992024	-88.1450825265
-3700.0000000000	0.0001204843	2.3310539022	0.0004944091	-88.1361339611
-3600.0000000000	0.0001139552	1.4890133734	0.0004807410	-88.1318409676
-3500.0000000000	0.0001184937	0.6829258361	0.0004752570	-88.1359271524
-3400.0000000000	0.0001194745	1.4267713022	0.0004656988	-88.1343603889
-3300.0000000000	0.0001200184	1.3019025530	0.0004584020	-88.1203425083
-3200.0000000000	0.0001214528	0.4971398748	0.0004478376	-88.1537931126
-3100.0000000000	0.0001231559	2.0878290363	0.0004368651	-88.0371155667
-3000.0000000000	0.0001202701	0.7579374013	0.0004304588	-88.0747632179
-2900.0000000000	0.0001213409	-0.3028915280	0.0004209504	-88.0676752216
-2800.0000000000	0.0001276719	0.4420523317	0.0004101737	-88.0475773776
-2700.0000000000	0.0001238416	0.1676479038	0.0003990171	-88.0433966036
-2600.0000000000	0.0001223117	0.2471985443	0.0003890571	-88.0041974969
-2500.0000000000	0.0001269375	-0.2384633098	0.0003771903	-87.9918565538
-2400.0000000000	0.0001249751	2.0933480889	0.0003656494	-87.9935193967
-2300.0000000000	0.0001260816	0.3228313356	0.0003545433	-88.0338728429
-2200.0000000000	0.0001274042	0.8324502356	0.0003423983	-87.9529755534
-2100.0000000000	0.0001280169	1.9149818705	0.0003309339	-87.9094777847
-2000.0000000000	0.0001247757	-0.5095358278	0.0003190166	-87.9733770302
-1900.0000000000	0.0001269987	0.1723852240	0.0003050900	-87.8340788998
-1800.0000000000	0.0001290791	1.6664294245	0.0002938819	-87.8603184424
-1700.0000000000	0.0001278647	0.2305738676	0.0002802990	-87.8132986798
-1600.0000000000	0.0001301595	-1.0991570455	0.0002683093	-87.7666357376
-1500.0000000000	0.0001292313	1.1539177559	0.0002544131	-87.6234670507
-1400.0000000000	0.0001283146	0.1212669708	0.0002426031	-87.6157992748
-1300.0000000000	0.0001300761	-0.3556002183	0.0002273729	-87.5612088125
-1200.0000000000	0.0001313638	1.5258323413	0.0002142177	-87.5901782534
-1100.0000000000	0.0001290762	0.3420162798	0.0002002004	-87.5342123956
-1000.0000000000	0.0001298956	0.4760254840	0.0001874152	-87.3515681277
-900.0000000000	0.0001277689	1.5674357144	0.0001734997	-87.2004737366
-800.0000000000	0.0001287369	-0.7445662393	0.0001598140	-87.1418967897
-700.0000000000	0.0001292132	0.4338945550	0.0001469224	-87.0131917360
-600.0000000000	0.0001293808	1.2710073665	0.0001328400	-87.0690719521
-500.0000000000	0.0001292341	0.1847088148	0.0001198319	-86.5314168502
-400.0000000000	0.0001317157	-1.5053905740	0.0001055798	-86.3625145975
-300.0000000000	0.0001313946	0.8991965320	0.0000917426	-86.1607323213
-200.0000000000	0.0001289570	-0.7728728601	0.0000779591	-85.5063064963
-100.0000000000	0.0001279953	-0.0746369521	0.0000635115	-84.5532588074
0.0000000000	0.0001307455	1.8900838738	0.0000486008	-83.3148650941
100.0000000000	0.0001294796	-0.2840141417	0.0000340885	-81.7368108958
200.0000000000	0.0001303749	-1.8101581065	0.0000193280	-75.7094138701
300.0000000000	0.0001298222	1.1671428619	0.0000059597	-36.5280290241
400.0000000000	0.0001278771	0.0573317920	0.0000115123	69.1628690785
500.0000000000	0.0001317786	-1.0583578437	0.0000251848	81.9023407303
600.0000000000	0.0001309561	-0.1761928374	0.0000389342	84.3701794440
700.0000000000	0.0001265937	-0.7366477224	0.0000527934	86.0968788116
800.0000000000	0.0001300763	-0.6050419694	0.0000673357	87.2877620238
900.0000000000	0.0001275756	1.0127600130	0.0000810075	88.1383384753
1000.0000000000	0.0001274757	-0.0956740651	0.0000952420	88.5173913285
1100.0000000000	0.0001273048	0.0586896499	0.0001083366	88.9158373260
1200.0000000000	0.0001285412	1.8024111592	0.0001248365	89.1737480562
1300.0000000000	0.0001256568	0.4992327839	0.0001381274	89.2701629747
1400.0000000000	0.0001257106	-0.5723662693	0.0001519549	89.5204444245
1500.0000000000	0.0001255184	1.3816735646	0.0001646851	89.4065331339
1600.0000000000	0.0001244595	-0.2204091386	0.0001792480	89.8724551734
1700.0000000000	0.0001245116	-0.1122708649	0.0001928195	89.9532836186
1800.0000000000	0.0001288778	0.8704999753	0.0002058397	90.0013217248
1900.0000000000	0.0001208027	1.3387744630	0.0002169390	89.9424804620
2000.0000000000	0.0001243105	-0.4192741866	0.0002307173	90.0970877842
2100.0000000000	0.0001244817	1.2953677277	0.0002432562	90.1067118164
2200.0000000000	0.0001188458	1.5098289135	0.0002553054	90.1848146026
2300.0000000000	0.0001200484	-1.3910167370	0.0002716840	90.2502097855
2400.0000000000	0.0001213214	1.2416985068	0.0002848216	90.2648997155
2500.0000000000	0.0001199793	0.5073589496	0.0002954490	90.3504257633
2600.0000000000	0.0001213590	-0.0722355626	0.0003083365	90.3993894504
2700.0000000000	0.0001234792	0.6347042144	0.0003224481	90.4586683958
2800.0000000000	0.0001143183	0.4484867957	0.0003314504	90.3436600521
2900.0000000000	0.0001188486	-1.6743007578	0.0003429663	90.5267131485
3000.0000000000	0.0001214967	1.6473663178	0.0003561356	90.5156924883
3100.0000000000	0.0001165984	1.6532865982	0.0003664634	90.5472372228
3200.0000000000	0.0001168688	-0.5714053292	0.0003744719	90.5613788861
3300.0000000000	0.0001150911	0.4400384432	0.0003861343	90.5726287883
3400.0000000000	0.0001113198	0.3581478230	0.0003980586	90.5639843568
3500.0000000000	0.0001123472	-1.3362334930	0.0004076470	90.6262081335
3600.0000000000	0.0001160300	0.4082102491	0.0004471517	90.6506178674
3700.0000000000	0.0001119131	0.1471229477	0.0004543542	90.6692693847
3800.0000000000	0.0001142726	-0.7459840147	0.0004651247	90.6172575002
3900.0000000000	0.0001131694	2.2261128812	0.0004716185	90.6833483576
4000.0000000000	0.0001116860	0.1978637150	0.0004841724	90.6603155112
4100.0000000000	0.0001073967	-1.2368483847	0.0004862527	90.6660642282
4200.0000000000	0.0001116592	0.5714502812	0.0004935969	90.6957557004
4300.0000000000	0.0001074620	0.6747545339	0.0005029142	90.7245829453
4400.0000000000	0.0001038671	-0.2898436837	0.0005095694	90.6959592174
4500.0000000000	0.0001067491	0.1274798913	0.0005180324	90.6612894017
4600.0000000000	0.0001013875	2.1426400394	0.0005234992	90.6986643529
4700.0000000000	0.0001025578	-0.9578514746	0.0005283785	90.7570156353
4800.0000000000	0.0001038316	1.0964307703	0.0005365369	90.7901862410
4900.0000000000	0.0001001829	0.5146667037	0.0005439817	90.7719519220
5000.0000000000	0.0001007614	-0.8199236786	0.0005529414	90.7173268819
4900.0000000000	0.0001025009	1.2375853046	0.0005480300	90.7548896254
4800.0000000000	0.0001021222	1.3270039557	0.0005408818	90.7566088114
4700.0000000000	0.0001031469	1.1084681622	0.0005394769	90.6915298481
4600.0000000000	0.0001071604	-0.0013419115	0.0005269271	90.7108428549
4500.0000000000	0.0001019049	1.3944769150	0.0005225130	90.6593260768
4400.0000000000	0.0001075879	-0.5619061180	0.0005164485	90.6582087152
4300.0000000000	0.0001100144	0.6426086684	0.0005081689	90.6561570716
4200.0000000000	0.0001096115	0.4209478369	0.0005013029	90.6433137355
4100.0000000000	0.0001078996	0.2867597890	0.0004942082	90.6116184766
4000.0000000000	0.0001149190	-0.2045710680	0.0004873274	90.6201349711
3900.0000000000	0.0001135569	0.3672359465	0.0004757554	90.6133111433
3800.0000000000	0.0001105746	0.6309149503	0.0004675454	90.5804498543
3700.0000000000	0.0001146947	1.1446846871	0.0004599701	90.6173057628
3600.0000000000	0.0001152301	1.2324526104	0.0004500441	90.5768104997
3500.0000000000	0.0001145565	0.1051210523	0.0004412856	90.5608297756
3400.0000000000	0.0001184891	1.1744400058	0.0004314576	90.6118460512
3300.0000000000	0.0001189405	1.9111093305	0.0004210141	90.5157127094
3200.0000000000	0.0001160591	0.4061144295	0.0004122042	90.4976635869
3100.0000000000	0.0001232478	-1.5941445339	0.0003982960	90.4503550293
3000.0000000000	0.0001207855	1.7164625420	0.0003885246	90.5150941033
2900.0000000000	0.0001173918	0.6642385164	0.0003739137	90.3772952344
2800.0000000000	0.0001239304	-1.1544020904	0.0003636700	90.4192860287
2700.0000000000	0.0001221251	2.4275952817	0.0003522118	90.3882696673
2600.0000000000	0.0001228932	-0.7003148441	0.0003387435	90.3158596629
2500.0000000000	0.0001264119	-0.0439619331	0.0003307016	90.3138379990
2400.0000000000	0.0001282812	0.7767768214	0.0003190340	90.3974065152
2300.0000000000	0.0001240122	-0.0145428926	0.0003052210	90.3134742787
2200.0000000000	0.0001284862	-1.2620530132	0.0002935623	90.3266378656
2100.0000000000	0.0001309230	-0.1671280587	0.0002788207	90.2252467103
2000.0000000000	0.0001258621	-0.5156478648	0.0002667930	90.1740528877
1900.0000000000	0.0001257423	-0.0303397724	0.0002530537	90.0056009291
1800.0000000000	0.0001315472	-0.2516276910	0.0002397797	90.1135284623
1700.0000000000	0.0001277896	0.6246816436	0.0002265214	90.0117854510
1600.0000000000	0.0001308297	-1.1782915414	0.0002152048	89.9766810511
1500.0000000000	0.0001344812	-0.8486382201	0.0002005213	89.8440910120
1400.0000000000	0.0001316779	0.4974334208	0.0001863320	89.8692785250
1300.0000000000	0.0001301509	-1.8931683737	0.0001734577	89.6823357456
1200.0000000000	0.0001342515	-1.2550202710	0.0001589135	89.5022557422
1100.0000000000	0.0001319593	2.0395894299	0.0001454254	89.3171786225
1000.0000000000	0.0001287760	-0.6633464758	0.0001315941	89.0257895466
900.0000000000	0.0001316288	-0.6466352643	0.0001173257	88.7417172655
800.0000000000	0.0001347168	2.0431178751	0.0001029658	88.2445451048
700.0000000000	0.0001321293	-1.3325585022	0.0000877568	88.2954114963
600.0000000000	0.0001354605	0.1644613024	0.0000734818	87.6160231778
500.0000000000	0.0001333794	-0.0930057690	0.0000601315	86.4386447879
400.0000000000	0.0001317391	0.4710013412	0.0000454180	85.1538761391
300.0000000000	0.0001378228	0.2679160507	0.0000306741	82.2545990886
200.0000000000	0.0001364779	-0.5466164566	0.0000165830	73.8916939133
100.0000000000	0.0001334924	1.3550190585	0.0000054314	20.9217900584
0.0000000000	0.0001318737	-1.3700583750	0.0000143968	-68.3657811683
-100.0000000000	0.0001335091	-0.1359098972	0.0000294609	-78.6013151228
-200.0000000000	0.0001356713	0.6243900462	0.0000435335	-82.3107352950
-300.0000000000	0.0001340803	-0.2281835330	0.0000579373	-83.7079035187
-400.0000000000	0.0001340763	0.4840722403	0.0000751542	-85.0052125163
-500.0000000000	0.0001314733	0.8978345895	0.0000905166	-85.6680651874
-600.0000000000	0.0001349077	0.1100398063	0.0001055737	-86.0355475355
-700.0000000000	0.0001385950	0.1168767480	0.0001203849	-86.4121751844
-800.0000000000	0.0001318805	-0.5401696072	0.0001343147	-86.6523902100
-900.0000000000	0.0001313598	0.2040956626	0.0001481548	-86.5813476989
-1000.0000000000	0.0001370572	1.5682834766	0.0001622075	-86.9769053842
-1100.0000000000	0.0001312752	0.0187131291	0.0001764004	-87.1885275752
-1200.0000000000	0.0001341261	0.0678714542	0.0001913697	-87.2493974156
-1300.0000000000	0.0001353681	1.6605513012	0.0002046405	-87.4272741263
-1400.0000000000	0.0001299538	1.4721468937	0.0002181756	-87.5137063308
-1500.0000000000	0.0001302557	-0.4306023986	0.0002303186	-87.4930511565
-1600.0000000000	0.0001325529	-0.3758733224	0.0002435391	-87.4697011423
-1700.0000000000	0.0001298303	0.1882649396	0.0002571085	-87.4731050110
-1800.0000000000	0.0001323550	-0.2925687366	0.0002696621	-87.5983469930
-1900.0000000000	0.0001324172	-0.3879843957	0.0002831442	-87.6683702227
-2000.0000000000	0.0001315525	1.7071624942	0.0002958851	-87.6972092654
-2100.0000000000	0.0001298648	-1.7440322034	0.0003084396	-87.7142581488
-2200.0000000000	0.0001306122	1.7690756995	0.0003203351	-87.7800866648
-2300.0000000000	0.0001312686	-0.2340314723	0.0003327835	-87.8356041427
-2400.0000000000	0.0001276910	-1.6173879555	0.0003430964	-87.8290594229
-2500.0000000000	0.0001322337	2.0791943857	0.0003557449	-87.8641780095
-2600.0000000000	0.0001302140	-0.2846007413	0.0003697822	-87.9161998699
-2700.0000000000	0.0001273744	0.8379497884	0.0003791298	-87.9017541194
-2800.0000000000	0.0001250941	1.3819780751	0.0003937382	-87.9799202544
-2900.0000000000	0.0001310391	-0.9318199307	0.0004052686	-87.9346438693
-3000.0000000000	0.0001266121	2.3810688981	0.0004157771	-87.9849691662
-3100.0000000000	0.0001211311	1.1351039528	0.0004226540	-87.9628371658
-3200.0000000000	0.0001300331	-0.4554415679	0.0004363046	-87.9709231065
-3300.0000000000	0.0001237317	0.7598917603	0.0004458370	-88.0476705073
-3400.0000000000	0.0001231383	1.6054055086	0.0004600417	-88.1042566350
-3500.0000000000	0.0001242342	0.9139902858	0.0004917190	-88.1017488955
-3600.0000000000	0.0001243931	1.6322061336	0.0005066664	-88.1065403764
-3700.0000000000	0.0001175773	0.1980114618	0.0005103758	-88.1461884532
-3800.0000000000	0.0001190339	-0.5195718443	0.0005192201	-88.1138066590
-3900.0000000000	0.0001175393	0.8681660837	0.0005290526	-88.1386183024
-4000.0000000000	0.0001195548	0.3425067966	0.0005394305	-88.2112119100
-4100.0000000000	0.0001189884	1.7588183864	0.0005490114	-88.2209291920
-4200.0000000000	0.0001175504	2.0335318298	0.0005499636	-88.1810790007
-4300.0000000000	0.0001153999	1.1714869048	0.0005605174	-88.2375469853
-4400.0000000000	0.0001145864	-0.1491410417	0.0005614127	-88.1834169865
-4500.0000000000	0.0001098449	1.5635299520	0.0005648162	-88.1301264638
-4600.0000000000	0.0001113717	1.3540281253	0.0005742262	-88.2447943134
-4700.0000000000	0.0001159523	1.0990935386	0.0005808466	-88.2335625974
-4800.0000000000	0.0001117412	3.5565972664	0.0005862839	-88.2081049002
-4900.0000000000	0.0001061874	-0.5309048111	0.0005916373	-88.2454657152
-5000.0000000000	0.0001115754	1.5202194946	0.0005911690	-88.2512429672
-5000.0000000000	0.0001065162	2.9755163021	0.0005958735	-88.2616531915
-4900.0000000000	0.0001074983	-0.8181663672	0.0005959714	-88.2395220479
-4800.0000000000	0.0001115327	1.2356835972	0.0005911519	-88.2760356715
-4700.0000000000	0.0001107965	1.7523738576	0.0005829616	-88.1719806903
-4600.0000000000	0.0001096824	-1.3436986839	0.0005753712	-88.1973761483
-4500.0000000000	0.0001173064	2.5043660934	0.0005708941	-88.1794152127
-4400.0000000000	0.0001118508	3.1802338591	0.0005632776	-88.1464081620
-4300.0000000000	0.0001128240	1.1074958095	0.0005604590	-88.1772364395
-4200.0000000000	0.0001216753	2.1756036401	0.0005549943	-88.1525959347
-4100.0000000000	0.0001200287	1.5846314889	0.0005474074	-88.1444623420
-4000.0000000000	0.0001156582	1.0889471208	0.0005403683	-88.1445162330
-3900.0000000000	0.0001203286	1.9599795181	0.0005297629	-88.0591611882
-3800.0000000000	0.0001217722	1.3630028182	0.0005192317	-88.0868804393
-3700.0000000000	0.0001207307	0.0759003014	0.0005128051	-88.0556860179
-3600.0000000000	0.0001217574	0.0192516076	0.0004984974	-88.0697276223
-3500.0000000000	0.0001213386	1.8321550113	0.0004904899	-88.0501880720
-3400.0000000000	0.0001204028	-1.1225269688	0.0004831436	-88.0204314451
-3300.0000000000	0.0001238032	-0.3994137072	0.0004730071	-88.0398169635
-3200.0000000000	0.0001258144	1.1267174129	0.0004621651	-88.0587737268
-3100.0000000000	0.0001219750	-1.0463409742	0.0004559364	-88.0384267361
-3000.0000000000	0.0001283232	-1.2974090947	0.0004424881	-88.0031347206
-2900.0000000000	0.0001241866	2.1697938815	0.0004314206	-88.0053097845
-2800.0000000000	0.0001230998	0.2337097928	0.0004211982	-87.9881501251
-2700.0000000000	0.0001283827	0.1233996678	0.0004104774	-87.9367233929
-2600.0000000000	0.0001274213	1.7248545625	0.0003977345	-87.9512367708
-2500.0000000000	0.0001267590	-0.4703068136	0.0003850648	-87.9593659942
-2400.0000000000	0.0001300148	-0.6562340573	0.0003736455	-87.9006091546
-2300.0000000000	0.0001307740	0.6984166451	0.0003605299	-87.9027039270
-2200.0000000000	0.0001254269	0.3667471136	0.0003492525	-87.9678898761
-2100.0000000000	0.0001302407	0.1824396023	0.0003363706	-87.8396453526
-2000.0000000000	0.0001289691	0.4184166152	0.0003243233	-87.8064539954
-1900.0000000000	0.0001294172	0.3902861959	0.0003141739	-87.8436050306
-1800.0000000000	0.0001344465	-0.2220195039	0.0003002783	-87.7750537644
-1700.0000000000	0.0001340194	2.0817547116	0.0002872120	-87.7858682424
-1600.0000000000	0.0001302367	-0.7535815725	0.0002746086	-87.6765760639
-1500.0000000000	0.0001323734	-2.1377719467	0.0002613163	-87.6384647015
-1400.0000000000	0.0001352658	1.5358177978	0.0002466970	-87.5121917881
-1300.0000000000	0.0001267579	-0.6538094457	0.0002339860	-87.5107652922
-1200.0000000000	0.0001303787	-1.7550646193	0.0002206892	-87.4013038809
-1100.0000000000	0.0001320985	0.3379928823	0.0002065026	-87.2892291473
-1000.0000000000	0.0001325270	0.0881396141	0.0001920326	-87.2503717905
-900.0000000000	0.0001338862	-1.8643724251	0.0001773623	-87.1912087896
-800.0000000000	0.0001318957	0.6437155022	0.0001635076	-87.0745445307
-700.0000000000	0.0001319536	1.3050008722	0.0001497408	-86.8296687410
-600.0000000000	0.0001298343	-1.6172985862	0.0001352814	-86.7658379629
-500.0000000000	0.0001330154	-0.2820491045	0.0001214529	-86.5054425257
-400.0000000000	0.0001336216	1.1820850794	0.0001072534	-86.1045224976
-300.0000000000	0.0001298626	-0.1387926454	0.0000936372	-85.8093961458
-200.0000000000	0.0001361700	-0.8591233879	0.0000792541	-85.4213956035
-100.0000000000	0.0001297655	1.6635695715	0.0000641307	-84.3395866914
0.0000000000	0.0001307884	0.2776524763	0.0000490913	-83.0715425743
100.0000000000	0.0001365927	0.7194622667	0.0000342897	-80.1336434967
200.0000000000	0.0001305223	-0.1346682034	0.0000190798	-73.0593873626
300.0000000000	0.0001316591	-1.6340185776	0.0000058206	-36.4035673487
400.0000000000	0.0001319875	0.9224623350	0.0000121208	67.1538942480
500.0000000000	0.0001335065	1.6061572402	0.0000255836	80.0766967547
600.0000000000	0.0001303763	-0.9074215905	0.0000401378	84.2291929419
700.0000000000	0.0001334441	0.3642685792	0.0000541962	85.6895344551
800.0000000000	0.0001293432	0.3298261468	0.0000704955	87.1234112656
900.0000000000	0.0001309511	-0.6993582489	0.0000846961	87.6578329593
1000.0000000000	0.0001338164	1.0892415438	0.0000990717	88.2807435053
1100.0000000000	0.0001262766	0.7966163021	0.0001124793	88.4921671946
1200.0000000000	0.0001263143	-1.5853962289	0.0001274873	88.8037583379
1300.0000000000	0.0001296919	0.1755139490	0.0001405837	89.0337978420
1400.0000000000	0.0001296410	1.5900589693	0.0001541652	89.1668149340
1500.0000000000	0.0001235047	-1.3068661342	0.0001677859	89.3859586936
1600.0000000000	0.0001319282	0.6358493571	0.0001827800	89.5184863165
1700.0000000000	0.0001268170	0.5515997704	0.0001960836	89.6357172044
1800.0000000000	0.0001232629	-0.8639775242	0.0002108211	89.7579835819
1900.0000000000	0.0001304340	1.0095129298	0.0002233461	89.8493875927
2000.0000000000	0.0001261195	1.2364532515	0.0002372986	89.9586727450
2100.0000000000	0.0001214062	-1.7198176124	0.0002500469	90.0214113578
2200.0000000000	0.0001272834	0.8229033630	0.0002636370	90.0056277649
2300.0000000000	0.0001202645	0.1130404121	0.0002774905	90.0837541097
2400.0000000000	0.0001212505	-1.4826199291	0.0002905170	90.0605966882
2500.0000000000	0.0001254904	0.9091869739	0.0003035378	90.1647190564
2600.0000000000	0.0001213693	1.6020780359	0.0003158444	90.1635461107
2700.0000000000	0.0001208720	-0.5149743100	0.0003268843	90.2369032105
2800.0000000000	0.0001222849	-0.1921416001	0.0003407376	90.2862886963
2900.0000000000	0.0001183634	0.5957232539	0.0003526083	90.2985968231
3000.0000000000	0.0001181970	-0.6873324740	0.0003636520	90.2766671717
3100.0000000000	0.0001219951	1.1542837702	0.0003735633	90.3649693567
3200.0000000000	0.0001152210	0.9616257566	0.0003850984	90.4058659062
3300.0000000000	0.0001180972	-1.4101961579	0.0003946558	90.3692707042
3400.0000000000	0.0001160131	0.3216510140	0.0004050916	90.4121362752
3500.0000000000	0.0001164591	0.1546724463	0.0004442000	90.5126627620
3600.0000000000	0.0001133189	-1.8652908134	0.0004546251	90.5536953163
3700.0000000000	0.0001185112	0.0228205085	0.0004646179	90.5478844750
3800.0000000000	0.0001164906	1.7487390774	0.0004737881	90.5505021661
3900.0000000000	0.0001146783	0.5461150441	0.0004822493	90.4997467602
4000.0000000000	0.0001126193	-0.6243094348	0.0004906448	90.5142200143
4100.0000000000	0.0001129402	1.5498801450	0.0004957192	90.6256132735
4200.0000000000	0.0001117528	0.4132460695	0.0005096670	90.5772215397
4300.0000000000	0.0001126487	0.3809727599	0.0005161290	90.5922251394
4400.0000000000	0.0001067174	1.1858919695	0.0005230720	90.6569610910
4500.0000000000	0.0001067848	-0.1532544288	0.0005325477	90.6015151203
4600.0000000000	0.0001082766	0.4616110755	0.0005392600	90.6627177641
4700.0000000000	0.0001050037	2.3856269860	0.0005462142	90.7293468876
4800.0000000000	0.0001053118	0.3419022397	0.0005544657	90.6956926188
4900.0000000000	0.0001059740	0.7629149564	0.0005601086	90.6526317212
5000.0000000000	0.0001004219	2.0071096939	0.0005601864	90.7160084176
4900.0000000000	0.0001011502	-0.8763186307	0.0005569785	90.6333521737
4800.0000000000	0.0001062341	0.8788825463	0.0005549819	90.6554441956
4700.0000000000	0.0001053540	2.2208853731	0.0005477798	90.6137609634
4600.0000000000	0.0001040944	-0.8631042421	0.0005432918	90.6485954096
4500.0000000000	0.0001109211	0.5125557632	0.0005375329	90.6626844768
4400.0000000000	0.0001087887	1.1649306316	0.0005292004	90.6039710608
4300.0000000000	0.0001112938	0.3242000718	0.0005281236	90.6271850976
4200.0000000000	0.0001141530	0.1157041231	0.0005158282	90.5612783042
4100.0000000000	0.0001110755	1.2555326113	0.0005092024	90.5717429923
4000.0000000000	0.0001114411	0.6151073895	0.0005010768	90.5743318743
3900.0000000000	0.0001198732	0.8156766124	0.0004925473	90.5840589623
3800.0000000000	0.0001175113	0.6117278798	0.0004839907	90.5705690748
3700.0000000000	0.0001164450	0.6734571614	0.0004701412	90.5348183779
3600.0000000000	0.0001204531	-0.0775289859	0.0004611132	90.5373929701
3500.0000000000	0.0001211013	1.8335591913	0.0004503373	90.5375477870
3400.0000000000	0.0001156264	-0.8092114352	0.0004393194	90.4884444811
3300.0000000000	0.0001228756	0.2814243121	0.0004258690	90.4377318808
3200.0000000000	0.0001210113	0.4086394783	0.0004180387	90.4505779234
3100.0000000000	0.0001193667	0.4444459009	0.0004075353	90.4498435772
3000.0000000000	0.0001244438	0.0142643191	0.0003933696	90.3720234641
2900.0000000000	0.0001263532	0.6504870948	0.0003837396	90.3830827907
2800.0000000000	0.0001210647	-0.0675229269	0.0003715205	90.3813577642
2700.0000000000	0.0001229416	-1.6603810762	0.0003605099	90.2729102741
2600.0000000000	0.0001262647	0.2622263744	0.0003474763	90.2934670042
2500.0000000000	0.0001247766	1.8436465133	0.0003358076	90.3247128537
2400.0000000000	0.0001237166	-1.2802973383	0.0003233809	90.1772404883
2300.0000000000	0.0001292128	0.5090929078	0.0003093888	90.2004219747
2200.0000000000	0.0001291860	1.7557006040	0.0002963760	90.2514314932
2100.0000000000	0.0001289305	0.3683908764	0.0002847057	90.1476417436
2000.0000000000	0.0001288234	-0.6547133004	0.0002698510	90.1343644467
1900.0000000000	0.0001327819	0.9511667662	0.0002568078	90.0616890845
1800.0000000000	0.0001268860	0.7324740910	0.0002436418	89.9416018314
1700.0000000000	0.0001356223	-1.2211461323	0.0002311613	90.0252537891
1600.0000000000	0.0001314635	2.2355158334	0.0002161110	89.7854995148
1500.0000000000	0.0001276002	0.3710307576	0.0002038664	89.7353084512
1400.0000000000	0.0001319104	-1.6497890442	0.0001897248	89.7169522139
1300.0000000000	0.0001341106	-0.3917406392	0.0001756228	89.5543296449
1200.0000000000	0.0001310874	-1.1152648643	0.0001611087	89.3303763289
1100.0000000000	0.0001317705	-0.3894607739	0.0001473360	89.2549372711
1000.0000000000	0.0001328027	1.3133062967	0.0001328560	88.9310222152
900.0000000000	0.0001344940	-0.2532506988	0.0001186022	88.6988973654
800.0000000000	0.0001350693	0.1984629400	0.0001043393	88.4953171387
700.0000000000	0.0001398640	0.4097188438	0.0000889911	88.0329912685
600.0000000000	0.0001340653	-0.6705004486	0.0000749187	87.5424673552
500.0000000000	0.0001321250	-0.2887045871	0.0000602569	86.5813462594
400.0000000000	0.0001356691	-0.0061978678	0.0000460197	85.3786815527
300.0000000000	0.0001341330	0.9741502869	0.0000318767	82.1689195375
200.0000000000	0.0001365833	-0.4940555850	0.0000169997	74.0472382029
100.0000000000	0.0001371276	-0.2728202018	0.0000054645	19.7251281067
0.0000000000	0.0001378218	0.5839072580	0.0000156625	-68.9742730464
-100.0000000000	0.0001333934	-0.4207765859	0.0000296066	-78.8452779796
-200.0000000000	0.0001401185	-1.1317729303	0.0000441956	-82.4760352939
-300.0000000000	0.0001364585	1.9981965536	0.0000590163	-84.1520266795
-400.0000000000	0.0001345424	-1.8728859385	0.0000733393	-84.8197070420
-500.0000000000	0.0001412302	-0.6332416336	0.0000913989	-85.5859811996
-600.0000000000	0.0001393668	1.1033446035	0.0001070869	-85.8209794212
-700.0000000000	0.0001350528	0.8570244375	0.0001214760	-86.4549537695
-800.0000000000	0.0001382260	0.8897567655	0.0001356599	-86.5842477346
-900.0000000000	0.0001361998	-0.0968193335	0.0001508834	-86.7974238229
-1000.0000000000	0.0001320624	0.2144212250	0.0001651330	-87.0363196950
-1100.0000000000	0.0001372684	-1.2023136745	0.0001788990	-87.0729271109
-1200.0000000000	0.0001337665	0.1069379890	0.0001931231	-87.1690799860
-1300.0000000000	0.0001325921	-0.2822765292	0.0002058251	-87.3072372283
-1400.0000000000	0.0001394235	1.0188559308	0.0002195774	-87.4083865026
-1500.0000000000	0.0001318603	0.1731158063	0.0002323616	-87.4805864265
-1600.0000000000	0.0001308153	-1.5253330681	0.0002478627	-87.6097550170
-1700.0000000000	0.0001361274	-0.1509894299	0.0002619687	-87.6694186952
-1800.0000000000	0.0001344105	1.4385867809	0.0002747267	-87.6334758602
-1900.0000000000	0.0001306924	-0.5633076192	0.0002880304	-87.7305413486
-2000.0000000000	0.0001331374	0.7221158100	0.0003007572	-87.7603811690
-2100.0000000000	0.0001361268	1.6182051460	0.0003138008	-87.7702327212
-2200.0000000000	0.0001316394	-1.5418657410	0.0003264758	-87.8366972657
-2300.0000000000	0.0001377111	-0.6071233929	0.0003392183	-87.9169622847
-2400.0000000000	0.0001297025	1.5365625509	0.0003516338	-87.8135731080
-2500.0000000000	0.0001329853	-1.2247087307	0.0003631824	-87.8974640288
-2600.0000000000	0.0001330795	1.6268740457	0.0003767537	-88.0020614502
-2700.0000000000	0.0001323444	0.1977998365	0.0003886797	-87.9352357758
-2800.0000000000	0.0001272206	-0.3511057538	0.0003994613	-87.9808786899
-2900.0000000000	0.0001300744	-0.1587244799	0.0004110082	-87.9798752078
-3000.0000000000	0.0001276924	1.1902823453	0.0004230367	-88.0184210383
-3100.0000000000	0.0001303649	-0.0079477198	0.0004333950	-88.0122719198
-3200.0000000000	0.0001321657	0.3234354360	0.0004496764	-88.0601736781
-3300.0000000000	0.0001277084	1.5658921004	0.0004880328	-88.1317572015
-3400.0000000000	0.0001226973	-0.6408637922	0.0004977549	-88.1095000586
-3500.0000000000	0.0001251446	0.7446961495	0.0005050350	-88.1429333834
-3600.0000000000	0.0001226737	1.2661653341	0.0005172033	-88.1177699414
-3700.0000000000	0.0001219416	-0.3025596277	0.0005264739	-88.1756121137
-3800.0000000000	0.0001256636	1.8807216869	0.0005325917	-88.1681611849
-3900.0000000000	0.0001223047	2.8556344060	0.0005421050	-88.2134094600
-4000.0000000000	0.0001212565	0.9944676258	0.0005474871	-88.1353623296
-4100.0000000000	0.0001216258	1.0301550702	0.0005559387	-88.1382690851
-4200.0000000000	0.0001181056	1.1215530303	0.0005651920	-88.2461966987
-4300.0000000000	0.0001194224	0.6184653962	0.0005769707	-88.2375382395
-4400.0000000000	0.0001202712	1.0743157363	0.0005814139	-88.2284910733
-4500.0000000000	0.0001145860	2.0094910584	0.0005856511	-88.1847305555
-4600.0000000000	0.0001150392	1.1112831483	0.0005840639	-88.1863817177
-4700.0000000000	0.0001163633	2.2247293182	0.0005904807	-88.2280399244
-4800.0000000000	0.0001121726	2.7056678288	0.0005988444	-88.2572614566
-4900.0000000000	0.0001110194	-0.1753193605	0.0006059578	-88.2521009600
-5000.0000000000	0.0001111635	1.4009067636	0.0006101084	-88.2351696382
