Angle (deg)	0
Gate  No.	Time [ms]	Counts
0	1000	0
1	2000	1
2	3000	4
3	4000	4
4	5000	2
5	6000	1
6	7000	2
7	8000	2
8	9000	3
9	10000	3
10	11000	5
11	12000	4
12	13000	3
13	14000	4
14	15000	1
15	16000	1
16	17000	2
17	18000	5
18	19000	0
19	20000	2
Mean	Std. Dev.
2.450	1.538
Angle (deg)	30
Gate  No.	Time [ms]	Counts
0	1000	3
1	2000	0
2	3000	4
3	4000	4
4	5000	1
5	6000	3
6	7000	1
7	8000	0
8	9000	1
9	10000	2
10	11000	2
11	12000	1
12	13000	2
13	14000	1
14	15000	4
15	16000	1
16	17000	1
17	18000	4
18	19000	1
19	20000	1
Mean	Std. Dev.
1.850	1.348
Angle (deg)	60
Gate  No.	Time [ms]	Counts
0	1000	2
1	2000	0
2	3000	1
3	4000	2
4	5000	2
5	6000	3
6	7000	4
7	8000	2
8	9000	2
9	10000	5
10	11000	2
11	12000	3
12	13000	2
13	14000	3
14	15000	7
15	16000	1
16	17000	7
17	18000	1
18	19000	1
19	20000	2
Mean	Std. Dev.
2.600	1.875
Angle (deg)	90
Gate  No.	Time [ms]	Counts
0	1000	2
1	2000	2
2	3000	5
3	4000	4
4	5000	2
5	6000	3
6	7000	1
7	8000	1
8	9000	1
9	10000	0
10	11000	1
11	12000	1
12	13000	2
13	14000	2
14	15000	7
15	16000	5
16	17000	2
17	18000	0
18	19000	4
19	20000	0
Mean	Std. Dev.
2.250	1.888
Angle (deg)	120
Gate  No.	Time [ms]	Counts
0	1000	2
1	2000	3
2	3000	7
3	4000	10
4	5000	2
5	6000	1
6	7000	0
7	8000	0
8	9000	1
9	10000	2
10	11000	0
11	12000	1
12	13000	3
13	14000	2
14	15000	6
15	16000	1
16	17000	4
17	18000	3
18	19000	3
19	20000	1
Mean	Std. Dev.
2.600	2.542
Angle (deg)	150
Gate  No.	Time [ms]	Counts
0	1000	1
1	2000	3
2	3000	4
3	4000	2
4	5000	3
5	6000	1
6	7000	2
7	8000	2
8	9000	5
9	10000	3
10	11000	8
11	12000	2
12	13000	4
13	14000	3
14	15000	1
15	16000	2
16	17000	2
17	18000	1
18	19000	1
19	20000	6
Mean	Std. Dev.
2.800	1.852
Angle (deg)	180
Gate  No.	Time [ms]	Counts
0	1000	1
Mean	Std. Dev.
1.000	NaN
Angle Itr.	Counts Mean	
0.000	2.450
30.000	1.850
60.000	2.600
90.000	2.250
120.000	2.600
150.000	2.800
180.000	1.000
Mean	Std. Dev.
2.221	0.620
