Gate  No.	Time [ms]	Counts
0	100	0
1	200	2
2	300	2
3	400	0
4	500	0
5	600	0
6	700	0
7	800	0
8	900	1
9	1000	1
Mean	Std. Dev.
0.600	0.843
Gate  No.	Time [ms]	Counts
0	100	0
1	200	0
2	300	0
3	400	0
4	500	0
5	600	0
6	700	0
7	800	0
8	900	0
9	1000	0
Mean	Std. Dev.
0.000	0.000
Gate  No.	Time [ms]	Counts
0	100	0
1	200	0
2	300	0
3	400	1
4	500	0
5	600	1
6	700	0
7	800	0
8	900	0
9	1000	0
Mean	Std. Dev.
0.200	0.422
Gate  No.	Time [ms]	Counts
0	100	1
1	200	0
2	300	0
3	400	0
4	500	0
5	600	0
6	700	0
7	800	0
8	900	0
9	1000	1
Mean	Std. Dev.
0.200	0.422
Gate  No.	Time [ms]	Counts
0	100	1
1	200	1
2	300	0
3	400	0
4	500	0
5	600	2
6	700	2
7	800	1
8	900	2
9	1000	0
Mean	Std. Dev.
0.900	0.876
Gate  No.	Time [ms]	Counts
0	100	1
1	200	0
2	300	0
3	400	0
4	500	1
5	600	0
6	700	0
7	800	1
8	900	0
9	1000	0
Mean	Std. Dev.
0.300	0.483
Gate  No.	Time [ms]	Counts
0	100	0
1	200	1
2	300	0
3	400	0
4	500	0
5	600	0
6	700	0
7	800	0
8	900	0
9	1000	1
Mean	Std. Dev.
0.200	0.422
Gate  No.	Time [ms]	Counts
0	100	0
1	200	0
2	300	0
3	400	0
4	500	0
5	600	1
6	700	0
7	800	0
8	900	0
9	1000	0
Mean	Std. Dev.
0.100	0.316
Gate  No.	Time [ms]	Counts
0	100	0
1	200	0
2	300	0
3	400	0
4	500	1
5	600	0
6	700	0
7	800	0
8	900	0
9	1000	0
Mean	Std. Dev.
0.100	0.316
Gate  No.	Time [ms]	Counts
0	100	0
1	200	0
2	300	0
3	400	0
4	500	0
5	600	0
6	700	0
7	800	0
8	900	0
9	1000	0
Mean	Std. Dev.
0.000	0.000
Gate  No.	Time [ms]	Counts
0	100	1
1	200	0
2	300	0
3	400	0
4	500	0
5	600	0
6	700	0
7	800	0
8	900	0
9	1000	0
Mean	Std. Dev.
0.100	0.316
Gate  No.	Time [ms]	Counts
0	100	2
1	200	0
2	300	0
3	400	0
4	500	0
5	600	0
6	700	0
7	800	0
8	900	1
9	1000	0
Mean	Std. Dev.
0.300	0.675
Gate  No.	Time [ms]	Counts
0	100	0
1	200	0
2	300	0
3	400	1
4	500	0
5	600	1
6	700	3
7	800	0
8	900	1
9	1000	0
Mean	Std. Dev.
0.600	0.966
Gate  No.	Time [ms]	Counts
0	100	1
1	200	1
2	300	0
3	400	0
4	500	1
5	600	0
6	700	0
7	800	0
8	900	0
9	1000	0
Mean	Std. Dev.
0.300	0.483
Gate  No.	Time [ms]	Counts
0	100	0
1	200	0
2	300	0
3	400	0
4	500	0
5	600	0
6	700	0
7	800	0
8	900	0
9	1000	0
Mean	Std. Dev.
0.000	0.000
Gate  No.	Time [ms]	Counts
0	100	0
1	200	0
2	300	0
3	400	1
4	500	1
5	600	0
6	700	0
7	800	1
8	900	0
9	1000	0
Mean	Std. Dev.
0.300	0.483
Gate  No.	Time [ms]	Counts
0	100	0
1	200	2
2	300	0
3	400	0
4	500	0
5	600	1
6	700	1
7	800	0
8	900	0
9	1000	1
Mean	Std. Dev.
0.500	0.707
Gate  No.	Time [ms]	Counts
0	100	0
1	200	0
2	300	0
3	400	0
4	500	0
5	600	1
6	700	0
7	800	1
8	900	0
9	1000	1
Mean	Std. Dev.
0.300	0.483
Gate  No.	Time [ms]	Counts
0	100	0
1	200	0
2	300	0
3	400	0
4	500	0
5	600	0
6	700	0
7	800	1
8	900	0
9	1000	1
Mean	Std. Dev.
0.200	0.422
Gate  No.	Time [ms]	Counts
0	100	3
1	200	1
2	300	0
3	400	0
4	500	1
5	600	0
6	700	0
7	800	0
8	900	0
9	1000	0
Mean	Std. Dev.
0.500	0.972
Gate  No.	Time [ms]	Counts
0	100	0
1	200	0
2	300	0
3	400	0
4	500	0
5	600	3
6	700	0
7	800	0
8	900	0
9	1000	0
Mean	Std. Dev.
0.300	0.949
Gate  No.	Time [ms]	Counts
0	100	0
1	200	0
2	300	0
3	400	0
4	500	0
5	600	0
6	700	0
7	800	0
8	900	1
9	1000	0
Mean	Std. Dev.
0.100	0.316
Gate  No.	Time [ms]	Counts
0	100	0
1	200	0
2	300	0
3	400	0
4	500	0
5	600	0
6	700	0
7	800	1
8	900	0
9	1000	0
Mean	Std. Dev.
0.100	0.316
Gate  No.	Time [ms]	Counts
0	100	0
1	200	0
2	300	1
3	400	0
4	500	0
5	600	0
6	700	0
7	800	0
8	900	0
9	1000	0
Mean	Std. Dev.
0.100	0.316
Gate  No.	Time [ms]	Counts
0	100	0
1	200	0
2	300	0
3	400	0
4	500	0
5	600	1
6	700	1
7	800	0
8	900	0
9	1000	0
Mean	Std. Dev.
0.200	0.422
Gate  No.	Time [ms]	Counts
0	100	0
1	200	0
2	300	1
3	400	0
4	500	0
5	600	0
6	700	0
7	800	0
8	900	0
9	1000	0
Mean	Std. Dev.
0.100	0.316
Gate  No.	Time [ms]	Counts
0	100	0
1	200	0
2	300	0
3	400	0
4	500	0
5	600	0
6	700	0
7	800	0
8	900	0
9	1000	0
Mean	Std. Dev.
0.000	0.000
Gate  No.	Time [ms]	Counts
0	100	0
1	200	0
2	300	0
3	400	0
4	500	1
5	600	0
6	700	0
7	800	0
8	900	0
9	1000	0
Mean	Std. Dev.
0.100	0.316
Gate  No.	Time [ms]	Counts
0	100	0
1	200	0
2	300	0
3	400	0
4	500	0
5	600	0
6	700	0
7	800	2
8	900	1
9	1000	0
Mean	Std. Dev.
0.300	0.675
Gate  No.	Time [ms]	Counts
0	100	1
1	200	0
2	300	1
3	400	0
4	500	0
5	600	0
6	700	0
7	800	0
8	900	0
9	1000	0
Mean	Std. Dev.
0.200	0.422
Gate  No.	Time [ms]	Counts
0	100	0
1	200	0
2	300	0
3	400	0
4	500	0
5	600	0
6	700	0
7	800	0
8	900	2
9	1000	1
Mean	Std. Dev.
0.300	0.675
