MoTe2 scan
Current Position 
70.000
R(V)	Theta
0.001074	-50.129821
0.001074	-50.134165
0.001073	-50.139217
0.001073	-50.144988
0.001073	-50.151158
0.001072	-50.157689
0.001072	-50.165008
0.001072	-50.173074
0.001071	-50.181717
0.001071	-50.190506
0.001071	-50.199402
0.001071	-50.208321
0.001070	-50.217156
0.001070	-50.225733
0.001070	-50.234011
0.001069	-50.241737
0.001069	-50.248450
0.001069	-50.253924
0.001069	-50.257781
0.001068	-50.259812
0.001068	-50.260079
0.001068	-50.258460
0.001068	-50.255074
0.001068	-50.250095
0.001068	-50.243544
0.001068	-50.235514
0.001068	-50.226074
0.001068	-50.215434
0.001068	-50.204191
0.001068	-50.193063
0.001069	-50.182379
0.001069	-50.172118
0.001069	-50.162254
0.001069	-50.152863
0.001069	-50.144288
0.001070	-50.136553
0.001070	-50.129665
0.001070	-50.123943
0.001070	-50.119322
0.001071	-50.116018
0.001071	-50.114324
0.001071	-50.113993
0.001072	-50.114798
0.001072	-50.116430
0.001072	-50.118860
0.001073	-50.122191
0.001073	-50.126643
0.001073	-50.131952
0.001073	-50.138167
0.001073	-50.145444
0.001073	-50.153386
0.001074	-50.161973
0.001074	-50.170989
0.001074	-50.180113
0.001073	-50.189124
0.001073	-50.198008
0.001073	-50.206902
0.001073	-50.215725
0.001073	-50.224272
0.001072	-50.232284
0.001072	-50.239342
0.001071	-50.245378
0.001071	-50.250628
0.001070	-50.255337
0.001070	-50.259686
0.001069	-50.264255
0.001068	-50.268613
0.001067	-50.272732
0.001067	-50.276498
0.001066	-50.279748
0.001065	-50.282282
0.001065	-50.284069
0.001064	-50.285115
0.001063	-50.285337
0.001063	-50.284602
0.001062	-50.283033
0.001062	-50.280611
0.001061	-50.277225
0.001061	-50.273187
0.001061	-50.268465
0.001061	-50.263222
0.001061	-50.257905
0.001061	-50.252649
0.001061	-50.247511
0.001062	-50.239122
0.001062	-50.239122
0.001062	-50.236281
0.001063	-50.232940
0.001063	-50.232940
0.001064	-50.232166
0.001066	-50.232700
0.001066	-50.232700
0.001066	-50.234146
0.001068	-50.240232
0.001069	-50.245016
0.001069	-50.250906
0.001070	-50.257678
0.001071	-50.265074
0.001071	-50.272918
0.001071	-50.280786
Mean R	Std.Dev R
0.001069	3.848598E-6
Mean T	Std.Dev T
-50.212323	0.054551
Current Position 
69.985
R(V)	Theta
0.001071	-50.442035
0.001071	-50.452387
0.001071	-50.461017
0.001070	-50.467663
0.001070	-50.472367
0.001070	-50.475206
0.001069	-50.475921
0.001069	-50.474365
0.001069	-50.470252
0.001069	-50.463621
0.001070	-50.454675
0.001070	-50.443429
0.001070	-50.430097
0.001070	-50.414928
0.001071	-50.398051
0.001071	-50.379748
0.001072	-50.360414
0.001072	-50.340048
0.001072	-50.319513
0.001073	-50.299006
0.001073	-50.278956
0.001074	-50.259331
0.001074	-50.240243
0.001075	-50.222080
0.001075	-50.204949
0.001075	-50.188699
0.001075	-50.173046
0.001076	-50.157810
0.001076	-50.143286
0.001076	-50.129755
0.001076	-50.117296
0.001076	-50.105889
0.001076	-50.095547
0.001076	-50.086365
0.001076	-50.078611
0.001076	-50.072482
0.001076	-50.067983
0.001077	-50.064923
0.001077	-50.063097
0.001077	-50.062292
0.001077	-50.062151
0.001077	-50.062393
0.001077	-50.062904
0.001077	-50.063775
0.001077	-50.064970
0.001077	-50.066518
0.001078	-50.068375
0.001078	-50.070447
0.001078	-50.072622
0.001078	-50.074829
0.001078	-50.076957
0.001077	-50.078761
0.001077	-50.080165
0.001077	-50.081278
0.001077	-50.082291
0.001077	-50.083060
0.001077	-50.083436
0.001077	-50.083138
0.001077	-50.081888
0.001077	-50.079919
0.001077	-50.077497
0.001077	-50.074683
0.001077	-50.071615
0.001077	-50.068339
0.001077	-50.064663
0.001077	-50.060242
0.001077	-50.054999
0.001077	-50.048963
0.001077	-50.042150
0.001077	-50.034875
0.001077	-50.027204
0.001077	-50.019173
0.001078	-50.010841
0.001078	-50.002540
0.001078	-49.994701
0.001078	-49.987583
0.001079	-49.981357
0.001079	-49.975786
0.001079	-49.970887
0.001080	-49.966747
0.001080	-49.963383
0.001080	-49.960972
0.001080	-49.959676
0.001080	-49.959634
0.001080	-49.960927
0.001081	-49.963546
0.001081	-49.967492
0.001080	-49.972298
0.001080	-49.977544
0.001080	-49.983475
0.001080	-49.990180
0.001080	-49.997683
0.001080	-50.005968
0.001079	-50.015113
0.001079	-50.024858
0.001079	-50.034855
0.001078	-50.044827
0.001078	-50.054301
0.001078	-50.063178
0.001077	-50.071581
Mean R	Std.Dev R
0.001076	3.195618E-6
Mean T	Std.Dev T
-50.132936	0.161212
Current Position 
69.970
R(V)	Theta
0.001063	-49.948133
0.001064	-49.942856
0.001064	-49.938198
0.001065	-49.934350
0.001065	-49.931616
0.001066	-49.930038
0.001066	-49.929794
0.001067	-49.931359
0.001067	-49.934846
0.001068	-49.940030
0.001068	-49.946826
0.001069	-49.955285
0.001069	-49.965295
0.001069	-49.976737
0.001070	-49.989415
0.001070	-50.003288
0.001070	-50.018080
0.001071	-50.033481
0.001071	-50.049300
0.001071	-50.065406
0.001072	-50.081646
0.001072	-50.097883
0.001072	-50.114043
0.001073	-50.130194
0.001073	-50.146382
0.001073	-50.162677
0.001074	-50.179251
0.001074	-50.196533
0.001074	-50.213679
0.001074	-50.230514
0.001075	-50.246723
0.001075	-50.262203
0.001075	-50.276611
0.001075	-50.289501
0.001075	-50.301024
0.001075	-50.311308
0.001076	-50.320387
0.001076	-50.328197
0.001076	-50.334430
0.001076	-50.338617
0.001076	-50.340611
0.001076	-50.340325
0.001077	-50.337758
0.001077	-50.333016
0.001077	-50.326259
0.001077	-50.317667
0.001078	-50.307235
0.001078	-50.295312
0.001078	-50.282173
0.001079	-50.267984
0.001079	-50.253002
0.001080	-50.237413
0.001080	-50.221397
0.001081	-50.205194
0.001081	-50.189009
0.001082	-50.173193
0.001082	-50.157325
0.001083	-50.141835
0.001084	-50.126784
0.001084	-50.112601
0.001085	-50.099516
0.001085	-50.087607
0.001086	-50.076971
0.001086	-50.067639
0.001087	-50.059590
0.001087	-50.053018
0.001088	-50.047959
0.001088	-50.044238
0.001089	-50.041686
0.001089	-50.040473
0.001089	-50.040898
0.001090	-50.042778
0.001090	-50.045925
0.001090	-50.050373
0.001090	-50.056113
0.001090	-50.063078
0.001090	-50.070939
0.001090	-50.079400
0.001090	-50.088095
0.001090	-50.096642
0.001090	-50.104878
0.001089	-50.112511
0.001089	-50.119304
0.001089	-50.125546
0.001089	-50.131436
0.001088	-50.136534
0.001088	-50.139998
0.001088	-50.141614
0.001088	-50.141517
0.001088	-50.139716
0.001088	-50.136073
0.001088	-50.130558
0.001087	-50.123649
0.001087	-50.115758
0.001087	-50.107272
0.001087	-50.098356
0.001088	-50.089094
0.001088	-50.079411
0.001088	-50.069189
0.001088	-50.058670
Mean R	Std.Dev R
0.001080	8.286470E-6
Mean T	Std.Dev T
-50.124463	0.118722
Current Position 
69.955
R(V)	Theta
0.001083	-50.148366
0.001083	-50.148995
0.001084	-50.150121
0.001084	-50.151593
0.001085	-50.153213
0.001085	-50.154989
0.001086	-50.156877
0.001086	-50.158782
0.001086	-50.160691
0.001086	-50.162456
0.001087	-50.163987
0.001087	-50.165343
0.001087	-50.166433
0.001087	-50.167318
0.001087	-50.167978
0.001086	-50.168205
0.001086	-50.168018
0.001086	-50.167437
0.001086	-50.166436
0.001085	-50.165009
0.001085	-50.163023
0.001084	-50.160370
0.001084	-50.157195
0.001083	-50.153594
0.001082	-50.149579
0.001082	-50.145338
0.001081	-50.140838
0.001080	-50.135943
0.001080	-50.130764
0.001079	-50.125302
0.001078	-50.119666
0.001078	-50.114086
0.001077	-50.109060
0.001076	-50.104894
0.001076	-50.101675
0.001075	-50.099355
0.001075	-50.098032
0.001074	-50.098022
0.001074	-50.099325
0.001073	-50.101802
0.001073	-50.105676
0.001073	-50.111537
0.001072	-50.119427
0.001072	-50.129382
0.001071	-50.141232
0.001071	-50.154844
0.001071	-50.170277
0.001070	-50.187532
0.001070	-50.206269
0.001070	-50.226004
0.001069	-50.246747
0.001069	-50.268384
0.001069	-50.290610
0.001069	-50.313026
0.001068	-50.335074
0.001068	-50.356698
0.001068	-50.377908
0.001068	-50.398259
0.001068	-50.417357
0.001068	-50.434822
0.001068	-50.450109
0.001068	-50.462868
0.001068	-50.472879
0.001068	-50.480067
0.001069	-50.484317
0.001069	-50.485639
0.001069	-50.484412
0.001070	-50.480953
0.001071	-50.475040
0.001071	-50.466639
0.001072	-50.455632
0.001073	-50.442087
0.001074	-50.426191
0.001074	-50.408089
0.001075	-50.388157
0.001076	-50.366612
0.001077	-50.343543
0.001078	-50.319233
0.001079	-50.294030
0.001081	-50.267909
0.001082	-50.241311
0.001083	-50.214710
0.001084	-50.188671
0.001085	-50.163476
0.001086	-50.139335
0.001087	-50.116327
0.001088	-50.094826
0.001089	-50.075244
0.001090	-50.057634
0.001091	-50.041960
0.001092	-50.028043
0.001093	-50.015928
0.001094	-50.005487
0.001095	-49.996775
0.001095	-49.989823
0.001096	-49.984911
0.001097	-49.981938
0.001097	-49.981104
0.001097	-49.982091
0.001098	-49.984499
Mean R	Std.Dev R
0.001080	8.656019E-6
Mean T	Std.Dev T
-50.204497	0.142953
Current Position 
69.940
R(V)	Theta
0.001082	-50.205416
0.001082	-50.204933
0.001082	-50.203585
0.001082	-50.201335
0.001082	-50.198347
0.001082	-50.194756
0.001082	-50.194756
0.001082	-50.186118
0.001082	-50.181796
0.001082	-50.177236
0.001082	-50.172166
0.001082	-50.166829
0.001082	-50.161217
0.001082	-50.155040
0.001082	-50.148161
0.001082	-50.140558
0.001082	-50.132303
0.001083	-50.123908
0.001083	-50.115440
0.001083	-50.107354
0.001083	-50.099721
0.001084	-50.092657
0.001084	-50.085979
0.001084	-50.079756
0.001085	-50.074222
0.001085	-50.069494
0.001085	-50.065758
0.001086	-50.063176
0.001086	-50.061968
0.001086	-50.062215
0.001086	-50.063937
0.001086	-50.066903
0.001086	-50.071025
0.001086	-50.076163
0.001086	-50.082170
0.001086	-50.088972
0.001086	-50.096627
0.001086	-50.104978
0.001086	-50.113980
0.001085	-50.123674
0.001085	-50.133958
0.001085	-50.144525
0.001085	-50.155154
0.001084	-50.165526
0.001084	-50.175287
0.001084	-50.184631
0.001083	-50.193696
0.001083	-50.202017
0.001083	-50.209531
0.001082	-50.215866
0.001082	-50.220594
0.001082	-50.223383
0.001081	-50.224013
0.001081	-50.222228
0.001081	-50.218013
0.001081	-50.211653
0.001081	-50.203340
0.001080	-50.193080
0.001080	-50.180830
0.001080	-50.167152
0.001080	-50.152075
0.001080	-50.135967
0.001080	-50.119234
0.001080	-50.102065
0.001080	-50.084865
0.001080	-50.067954
0.001080	-50.051693
0.001080	-50.036197
0.001081	-50.021345
0.001081	-50.007202
0.001081	-49.993941
0.001081	-49.981658
0.001081	-49.970580
0.001081	-49.960980
0.001081	-49.952674
0.001081	-49.945621
0.001081	-49.940102
0.001081	-49.935871
0.001081	-49.932820
0.001081	-49.930744
0.001081	-49.929533
0.001081	-49.929326
0.001081	-49.930330
0.001081	-49.932501
0.001081	-49.935749
0.001081	-49.940033
0.001081	-49.945230
0.001081	-49.951150
0.001081	-49.957581
0.001081	-49.964214
0.001081	-49.970685
0.001080	-49.976480
0.001080	-49.981737
0.001080	-49.986705
0.001080	-49.991639
0.001080	-49.996451
0.001080	-50.001195
0.001080	-50.006189
0.001080	-50.011301
0.001080	-50.016405
Mean R	Std.Dev R
0.001082	2.009801E-6
Mean T	Std.Dev T
-50.085371	0.095301
Current Position 
69.925
R(V)	Theta
0.001065	-50.184050
0.001065	-50.196001
0.001064	-50.201659
0.001064	-50.207153
0.001064	-50.212327
0.001063	-50.216785
0.001063	-50.220696
0.001063	-50.224174
0.001063	-50.227032
0.001062	-50.229177
0.001062	-50.230335
0.001062	-50.230756
0.001062	-50.231226
0.001062	-50.232100
0.001062	-50.233459
0.001062	-50.235119
0.001061	-50.236959
0.001061	-50.239113
0.001061	-50.241371
0.001061	-50.243769
0.001061	-50.246292
0.001061	-50.248840
0.001061	-50.251347
0.001062	-50.253891
0.001062	-50.256409
0.001062	-50.258928
0.001062	-50.261585
0.001062	-50.264368
0.001063	-50.267512
0.001063	-50.271003
0.001063	-50.274466
0.001064	-50.277934
0.001064	-50.281419
0.001064	-50.285004
0.001065	-50.288948
0.001065	-50.293041
0.001065	-50.297194
0.001066	-50.301536
0.001066	-50.306041
0.001066	-50.310625
0.001067	-50.315418
0.001067	-50.320834
0.001067	-50.326654
0.001067	-50.332505
0.001067	-50.338395
0.001067	-50.344328
0.001067	-50.349925
0.001067	-50.354796
0.001067	-50.358739
0.001066	-50.361642
0.001066	-50.363236
0.001066	-50.363297
0.001065	-50.361627
0.001065	-50.357879
0.001065	-50.351845
0.001064	-50.343634
0.001064	-50.333069
0.001064	-50.320579
0.001063	-50.305995
0.001063	-50.289321
0.001062	-50.270765
0.001062	-50.250642
0.001062	-50.229154
0.001061	-50.206421
0.001061	-50.182853
0.001061	-50.158951
0.001061	-50.134811
0.001060	-50.110629
0.001060	-50.086562
0.001060	-50.062969
0.001060	-50.039964
0.001060	-50.017664
0.001060	-49.996183
0.001060	-49.975745
0.001060	-49.956418
0.001060	-49.938268
0.001060	-49.921375
0.001060	-49.906006
0.001061	-49.892419
0.001061	-49.880551
0.001061	-49.870458
0.001061	-49.862289
0.001061	-49.855843
0.001061	-49.850842
0.001061	-49.847378
0.001061	-49.845554
0.001061	-49.845173
0.001061	-49.846004
0.001061	-49.847706
0.001061	-49.850399
0.001061	-49.854213
0.001061	-49.858920
0.001061	-49.864369
0.001061	-49.870221
0.001061	-49.875987
0.001061	-49.881649
0.001061	-49.887427
0.001061	-49.893744
0.001061	-49.900927
0.001062	-49.909223
Mean R	Std.Dev R
0.001063	2.133795E-6
Mean T	Std.Dev T
-50.153000	0.181095
Current Position 
69.910
R(V)	Theta
0.001086	-50.015708
0.001087	-50.023103
0.001087	-50.031024
0.001087	-50.039312
0.001088	-50.047987
0.001088	-50.057144
0.001089	-50.066738
0.001089	-50.076780
0.001089	-50.087567
0.001090	-50.098622
0.001090	-50.109870
0.001090	-50.121240
0.001090	-50.132412
0.001091	-50.143038
0.001091	-50.153017
0.001091	-50.162331
0.001091	-50.170745
0.001091	-50.178245
0.001091	-50.184786
0.001091	-50.190042
0.001092	-50.193869
0.001092	-50.196774
0.001092	-50.199007
0.001092	-50.200355
0.001092	-50.200631
0.001092	-50.199720
0.001092	-50.197556
0.001092	-50.194104
0.001092	-50.189473
0.001092	-50.183847
0.001092	-50.177115
0.001092	-50.169389
0.001092	-50.160801
0.001092	-50.151357
0.001092	-50.141319
0.001092	-50.131057
0.001093	-50.120783
0.001093	-50.110509
0.001093	-50.100809
0.001093	-50.091737
0.001093	-50.083324
0.001094	-50.075749
0.001094	-50.069047
0.001094	-50.063077
0.001094	-50.057743
0.001095	-50.053114
0.001095	-50.049504
0.001095	-50.046897
0.001095	-50.045223
0.001096	-50.044382
0.001096	-50.044475
0.001096	-50.045545
0.001097	-50.047474
0.001097	-50.050135
0.001097	-50.053428
0.001098	-50.057262
0.001098	-50.061422
0.001098	-50.065621
0.001099	-50.069740
0.001099	-50.073880
0.001099	-50.078136
0.001100	-50.082336
0.001100	-50.086078
0.001101	-50.089432
0.001101	-50.092217
0.001101	-50.094511
0.001102	-50.096567
0.001102	-50.098514
0.001103	-50.100401
0.001103	-50.102391
0.001103	-50.104657
0.001104	-50.107374
0.001104	-50.110492
0.001105	-50.113982
0.001105	-50.117915
0.001105	-50.122252
0.001106	-50.126784
0.001106	-50.131411
0.001106	-50.136285
0.001106	-50.141359
0.001107	-50.146488
0.001107	-50.151453
0.001107	-50.155968
0.001107	-50.159890
0.001107	-50.162981
0.001107	-50.164864
0.001107	-50.166006
0.001107	-50.166617
0.001107	-50.166623
0.001107	-50.165932
0.001107	-50.164829
0.001106	-50.163798
0.001106	-50.162913
0.001106	-50.161854
0.001106	-50.160437
0.001105	-50.158229
0.001105	-50.155054
0.001105	-50.151042
0.001104	-50.146254
0.001104	-50.140729
Mean R	Std.Dev R
0.001097	6.624294E-6
Mean T	Std.Dev T
-50.118620	0.050926
Current Position 
69.895
R(V)	Theta
0.001058	-50.458086
0.001057	-50.449892
0.001056	-50.439976
0.001056	-50.428696
0.001055	-50.416398
0.001054	-50.403504
0.001053	-50.389756
0.001053	-50.374803
0.001052	-50.358874
0.001052	-50.342084
0.001052	-50.324422
0.001051	-50.305949
0.001051	-50.286748
0.001051	-50.266844
0.001051	-50.246349
0.001051	-50.225541
0.001051	-50.204772
0.001051	-50.184620
0.001051	-50.164730
0.001051	-50.145742
0.001051	-50.127554
0.001051	-50.110292
0.001051	-50.094137
0.001052	-50.079171
0.001052	-50.065411
0.001052	-50.052702
0.001053	-50.041036
0.001053	-50.030540
0.001054	-50.021409
0.001054	-50.013493
0.001055	-50.006772
0.001056	-50.001303
0.001056	-49.997323
0.001057	-49.994926
0.001058	-49.994149
0.001058	-49.994891
0.001059	-49.997148
0.001060	-50.000880
0.001060	-50.005971
0.001061	-50.011957
0.001062	-50.018908
0.001062	-50.026704
0.001063	-50.035472
0.001063	-50.044848
0.001063	-50.054836
0.001064	-50.065380
0.001064	-50.076446
0.001065	-50.088174
0.001065	-50.099963
0.001065	-50.111925
0.001066	-50.123791
0.001066	-50.135266
0.001066	-50.146161
0.001067	-50.156586
0.001067	-50.166581
0.001067	-50.175890
0.001067	-50.184482
0.001067	-50.192187
0.001067	-50.198819
0.001068	-50.204257
0.001068	-50.208592
0.001068	-50.211964
0.001068	-50.214198
0.001068	-50.215317
0.001068	-50.215414
0.001068	-50.214487
0.001068	-50.212618
0.001068	-50.210090
0.001068	-50.207111
0.001068	-50.203799
0.001068	-50.200344
0.001068	-50.196964
0.001068	-50.193788
0.001068	-50.190530
0.001068	-50.187092
0.001068	-50.183603
0.001068	-50.180322
0.001069	-50.177539
0.001069	-50.175165
0.001069	-50.173212
0.001069	-50.171835
0.001069	-50.171036
0.001070	-50.170940
0.001070	-50.171469
0.001070	-50.172578
0.001070	-50.174117
0.001070	-50.175997
0.001071	-50.178089
0.001071	-50.180179
0.001071	-50.182316
0.001071	-50.184656
0.001071	-50.187102
0.001072	-50.189627
0.001072	-50.192260
0.001072	-50.194968
0.001073	-50.198006
0.001073	-50.201570
0.001073	-50.206030
0.001074	-50.211478
0.001074	-50.217826
Mean R	Std.Dev R
0.001062	7.565436E-6
Mean T	Std.Dev T
-50.170698	0.111207
Current Position 
69.880
R(V)	Theta
0.001073	-50.259304
0.001072	-50.260023
0.001072	-50.261166
0.001071	-50.262729
0.001071	-50.264683
0.001070	-50.266769
0.001070	-50.269213
0.001069	-50.272062
0.001069	-50.275083
0.001068	-50.277854
0.001068	-50.280151
0.001067	-50.281944
0.001067	-50.283347
0.001066	-50.284360
0.001066	-50.284726
0.001066	-50.284239
0.001065	-50.282736
0.001065	-50.280175
0.001064	-50.276498
0.001064	-50.271279
0.001064	-50.264459
0.001063	-50.256082
0.001063	-50.247505
0.001062	-50.239604
0.001062	-50.232013
0.001062	-50.224339
0.001062	-50.216700
0.001062	-50.209083
0.001061	-50.201088
0.001061	-50.192696
0.001061	-50.183327
0.001061	-50.172598
0.001061	-50.160463
0.001061	-50.147478
0.001062	-50.134012
0.001062	-50.120186
0.001062	-50.106159
0.001062	-50.092216
0.001063	-50.078663
0.001063	-50.065558
0.001063	-50.052927
0.001064	-50.040310
0.001064	-50.027450
0.001064	-50.014567
0.001065	-50.001914
0.001065	-49.989663
0.001065	-49.977952
0.001066	-49.967024
0.001066	-49.957187
0.001066	-49.948551
0.001067	-49.940899
0.001067	-49.933983
0.001067	-49.927831
0.001067	-49.922376
0.001068	-49.917580
0.001068	-49.913613
0.001068	-49.910602
0.001068	-49.908634
0.001068	-49.907451
0.001068	-49.907153
0.001069	-49.907726
0.001069	-49.909066
0.001069	-49.911102
0.001069	-49.913513
0.001069	-49.916657
0.001068	-49.920844
0.001068	-49.926494
0.001068	-49.934030
0.001068	-49.943480
0.001068	-49.954613
0.001068	-49.967151
0.001068	-49.980190
0.001068	-49.993128
0.001068	-50.005386
0.001068	-50.016374
0.001067	-50.025264
0.001068	-50.031988
0.001068	-50.036563
0.001068	-50.039108
0.001068	-50.039826
0.001068	-50.039043
0.001068	-50.036695
0.001069	-50.033038
0.001069	-50.028446
0.001070	-50.023170
0.001070	-50.017210
0.001071	-50.011083
0.001072	-50.004867
0.001072	-49.998566
0.001073	-49.992069
0.001074	-49.985528
0.001075	-49.979079
0.001075	-49.972884
0.001076	-49.966957
0.001077	-49.961381
0.001078	-49.956274
0.001079	-49.951590
0.001080	-49.947080
0.001081	-49.942661
0.001082	-49.938548
Mean R	Std.Dev R
0.001068	4.558930E-6
Mean T	Std.Dev T
-50.073489	0.136065
Current Position 
69.865
R(V)	Theta
0.001074	-49.957804
0.001074	-49.963497
0.001075	-49.970683
0.001075	-49.979376
0.001075	-49.989459
0.001075	-50.000631
0.001075	-50.012704
0.001075	-50.025434
0.001075	-50.038710
0.001075	-50.052585
0.001075	-50.066398
0.001076	-50.080072
0.001076	-50.093331
0.001076	-50.106008
0.001076	-50.118140
0.001076	-50.129717
0.001076	-50.140654
0.001075	-50.151040
0.001075	-50.160919
0.001075	-50.170319
0.001075	-50.179627
0.001075	-50.189094
0.001074	-50.198783
0.001074	-50.208544
0.001074	-50.218269
0.001073	-50.227792
0.001073	-50.236688
0.001073	-50.244716
0.001072	-50.251683
0.001072	-50.257107
0.001071	-50.260877
0.001071	-50.263219
0.001071	-50.264477
0.001070	-50.264869
0.001070	-50.264534
0.001069	-50.263233
0.001069	-50.261080
0.001069	-50.257969
0.001068	-50.254245
0.001068	-50.250034
0.001068	-50.245561
0.001068	-50.240906
0.001068	-50.235979
0.001068	-50.230691
0.001068	-50.225063
0.001068	-50.219051
0.001068	-50.212648
0.001069	-50.205808
0.001069	-50.198743
0.001070	-50.191673
0.001070	-50.185080
0.001071	-50.178766
0.001072	-50.172668
0.001072	-50.167126
0.001073	-50.162312
0.001074	-50.158059
0.001075	-50.154253
0.001075	-50.150994
0.001076	-50.148282
0.001077	-50.145970
0.001077	-50.144138
0.001078	-50.142977
0.001078	-50.142489
0.001079	-50.142409
0.001079	-50.142581
0.001079	-50.143007
0.001079	-50.143536
0.001079	-50.144276
0.001079	-50.145409
0.001079	-50.146943
0.001079	-50.149100
0.001079	-50.151838
0.001079	-50.155158
0.001079	-50.159229
0.001078	-50.163858
0.001078	-50.168778
0.001078	-50.173535
0.001078	-50.178029
0.001077	-50.182651
0.001077	-50.187543
0.001077	-50.192849
0.001076	-50.198560
0.001076	-50.204510
0.001075	-50.210576
0.001075	-50.216734
0.001075	-50.222854
0.001074	-50.228724
0.001074	-50.234287
0.001073	-50.239408
0.001073	-50.244008
0.001072	-50.248194
0.001072	-50.251788
0.001071	-50.254710
0.001071	-50.257077
0.001070	-50.258671
0.001070	-50.259286
0.001069	-50.258813
0.001069	-50.257254
0.001068	-50.254777
0.001068	-50.251559
Mean R	Std.Dev R
0.001074	3.515014E-6
Mean T	Std.Dev T
-50.177061	0.076871
Current Position 
69.850
R(V)	Theta
0.001070	-49.896763
0.001070	-49.890374
0.001070	-49.884227
0.001070	-49.878013
0.001070	-49.871768
0.001070	-49.865833
0.001070	-49.860341
0.001070	-49.855450
0.001070	-49.851297
0.001070	-49.848131
0.001071	-49.845916
0.001071	-49.844585
0.001071	-49.844366
0.001071	-49.845266
0.001071	-49.847216
0.001072	-49.850253
0.001072	-49.854622
0.001072	-49.860380
0.001072	-49.867441
0.001073	-49.875423
0.001073	-49.884257
0.001073	-49.893587
0.001073	-49.903411
0.001073	-49.913907
0.001074	-49.925157
0.001074	-49.937479
0.001074	-49.950790
0.001074	-49.964724
0.001075	-49.978898
0.001075	-49.993200
0.001075	-50.007578
0.001075	-50.021657
0.001075	-50.035553
0.001076	-50.049583
0.001076	-50.063547
0.001076	-50.077175
0.001076	-50.090260
0.001076	-50.103040
0.001076	-50.115438
0.001076	-50.127648
0.001076	-50.139782
0.001076	-50.151978
0.001076	-50.164438
0.001076	-50.177093
0.001076	-50.189586
0.001075	-50.201621
0.001075	-50.213223
0.001075	-50.224392
0.001074	-50.234667
0.001074	-50.244157
0.001074	-50.252784
0.001073	-50.260337
0.001073	-50.266622
0.001073	-50.271785
0.001072	-50.275869
0.001072	-50.278670
0.001072	-50.279944
0.001071	-50.279920
0.001071	-50.278867
0.001071	-50.276577
0.001071	-50.272757
0.001071	-50.267134
0.001071	-50.259895
0.001071	-50.251365
0.001071	-50.241677
0.001071	-50.230891
0.001071	-50.219266
0.001072	-50.206962
0.001072	-50.194055
0.001072	-50.180501
0.001072	-50.166485
0.001073	-50.152300
0.001073	-50.137994
0.001073	-50.123471
0.001073	-50.109140
0.001074	-50.095244
0.001074	-50.081812
0.001074	-50.069374
0.001074	-50.058054
0.001074	-50.048123
0.001075	-50.039867
0.001075	-50.033627
0.001075	-50.029572
0.001075	-50.027781
0.001075	-50.028294
0.001074	-50.030980
0.001074	-50.034727
0.001074	-50.039146
0.001074	-50.044274
0.001073	-50.050341
0.001073	-50.057554
0.001073	-50.065969
0.001072	-50.075649
0.001072	-50.086669
0.001071	-50.098902
0.001071	-50.112047
0.001070	-50.125930
0.001070	-50.140284
0.001069	-50.154520
0.001069	-50.168397
Mean R	Std.Dev R
0.001073	1.964631E-6
Mean T	Std.Dev T
-50.067479	0.141975
Current Position 
69.835
R(V)	Theta
0.001062	-50.371333
0.001062	-50.373104
0.001062	-50.374284
0.001062	-50.374940
0.001062	-50.374912
0.001061	-50.374432
0.001061	-50.373541
0.001061	-50.372413
0.001061	-50.370914
0.001061	-50.368948
0.001060	-50.366222
0.001060	-50.362663
0.001060	-50.358200
0.001060	-50.353076
0.001059	-50.347399
0.001059	-50.341200
0.001059	-50.334767
0.001059	-50.328211
0.001058	-50.321726
0.001058	-50.315753
0.001058	-50.310254
0.001057	-50.305279
0.001057	-50.301027
0.001057	-50.297420
0.001057	-50.294415
0.001056	-50.292195
0.001056	-50.290698
0.001056	-50.289901
0.001056	-50.289867
0.001056	-50.290746
0.001056	-50.292591
0.001057	-50.295521
0.001057	-50.299179
0.001057	-50.303632
0.001058	-50.309083
0.001058	-50.315689
0.001058	-50.323399
0.001059	-50.332253
0.001059	-50.342032
0.001060	-50.352683
0.001060	-50.364104
0.001061	-50.375941
0.001061	-50.387886
0.001062	-50.399806
0.001062	-50.411376
0.001063	-50.422429
0.001063	-50.433027
0.001064	-50.443202
0.001064	-50.453060
0.001065	-50.462536
0.001065	-50.471539
0.001066	-50.480028
0.001066	-50.487928
0.001066	-50.495102
0.001067	-50.501264
0.001067	-50.506083
0.001068	-50.509375
0.001068	-50.511111
0.001068	-50.511194
0.001068	-50.509790
0.001069	-50.506911
0.001069	-50.502672
0.001069	-50.497224
0.001069	-50.490553
0.001069	-50.482657
0.001069	-50.473664
0.001069	-50.463650
0.001069	-50.452588
0.001069	-50.440619
0.001068	-50.427744
0.001068	-50.413771
0.001068	-50.398777
0.001068	-50.383235
0.001067	-50.367319
0.001067	-50.351382
0.001067	-50.335426
0.001066	-50.319424
0.001066	-50.303474
0.001066	-50.287737
0.001065	-50.272403
0.001065	-50.257882
0.001064	-50.244550
0.001064	-50.232267
0.001064	-50.221068
0.001063	-50.210992
0.001063	-50.202228
0.001063	-50.195205
0.001062	-50.189631
0.001062	-50.185544
0.001061	-50.182974
0.001061	-50.182140
0.001060	-50.183031
0.001060	-50.185483
0.001059	-50.189432
0.001059	-50.194837
0.001058	-50.201633
0.001058	-50.209802
0.001057	-50.218941
0.001056	-50.228767
0.001055	-50.239123
Mean R	Std.Dev R
0.001062	4.162290E-6
Mean T	Std.Dev T
-50.347494	0.096532
Current Position 
69.820
R(V)	Theta
0.001058	-49.951022
0.001058	-49.967960
0.001058	-49.984633
0.001058	-50.001011
0.001058	-50.016973
0.001058	-50.032730
0.001059	-50.047963
0.001059	-50.062464
0.001059	-50.076265
0.001059	-50.089742
0.001059	-50.102350
0.001059	-50.114258
0.001060	-50.125488
0.001060	-50.135916
0.001060	-50.145270
0.001060	-50.153252
0.001060	-50.159879
0.001061	-50.164984
0.001061	-50.168466
0.001061	-50.170428
0.001061	-50.170944
0.001062	-50.169877
0.001062	-50.167242
0.001062	-50.162959
0.001062	-50.157213
0.001063	-50.150163
0.001063	-50.142046
0.001063	-50.132992
0.001063	-50.123124
0.001063	-50.112840
0.001064	-50.102226
0.001064	-50.091314
0.001064	-50.080432
0.001064	-50.069875
0.001064	-50.060072
0.001064	-50.051062
0.001064	-50.042697
0.001064	-50.035101
0.001065	-50.028708
0.001065	-50.023962
0.001065	-50.020651
0.001065	-50.018766
0.001065	-50.018280
0.001065	-50.019243
0.001065	-50.021630
0.001065	-50.025295
0.001065	-50.030134
0.001065	-50.036110
0.001066	-50.043132
0.001066	-50.051240
0.001066	-50.060346
0.001066	-50.070339
0.001066	-50.081140
0.001067	-50.092612
0.001067	-50.104688
0.001067	-50.117228
0.001067	-50.130183
0.001067	-50.143350
0.001068	-50.156649
0.001068	-50.170112
0.001068	-50.183825
0.001068	-50.197683
0.001068	-50.211651
0.001068	-50.225544
0.001068	-50.239195
0.001068	-50.252366
0.001068	-50.265397
0.001068	-50.277686
0.001069	-50.289380
0.001069	-50.300373
0.001069	-50.310701
0.001069	-50.320337
0.001070	-50.329226
0.001070	-50.337221
0.001070	-50.344039
0.001071	-50.349770
0.001071	-50.354295
0.001071	-50.357513
0.001071	-50.359486
0.001072	-50.360124
0.001072	-50.359595
0.001072	-50.358021
0.001072	-50.355159
0.001073	-50.351020
0.001073	-50.345847
0.001073	-50.339584
0.001073	-50.332121
0.001073	-50.323492
0.001073	-50.314059
0.001073	-50.304442
0.001074	-50.294481
0.001074	-50.283900
0.001074	-50.272868
0.001074	-50.261386
0.001074	-50.249578
0.001074	-50.237524
0.001074	-50.225776
0.001074	-50.214535
0.001074	-50.203969
0.001074	-50.194262
Mean R	Std.Dev R
0.001066	4.930852E-6
Mean T	Std.Dev T
-50.168445	0.116939
Position	Mean R	Mean T
70.000000	0.001069	-50.212323
69.985000	0.001076	-50.132936
69.970000	0.001080	-50.124463
69.955000	0.001080	-50.204497
69.940000	0.001082	-50.085371
69.925000	0.001063	-50.153000
69.910000	0.001097	-50.118620
69.895000	0.001062	-50.170698
69.880000	0.001068	-50.073489
69.865000	0.001074	-50.177061
69.850000	0.001073	-50.067479
69.835000	0.001062	-50.347494
69.820000	0.001066	-50.168445
