H11890
GateTime 200
GateNumber 0
SN 30430219
0 6573
1 6549
2 6284
3 6418
4 6635
5 6772
6 6567
7 6400
8 6377
9 6400
10 6358
11 6461
12 6267
13 6491
14 6585
15 6393
16 6128
17 6091
18 6371
19 6573
20 6340
21 6805
22 6467
23 6568
24 6738
25 6887
26 6654
27 6530
28 6467
29 6802
30 6793
31 6725
32 6739
33 6783
34 6738
35 6490
36 6717
37 6917
38 6764
39 6717
40 6713
41 6224
42 6769
43 6769
44 7110
45 6869
46 6790
47 6736
48 6574
49 6632
50 6694
51 6820
52 6714
53 6889
54 6630
55 6337
56 6519
57 6732
58 6606
59 6657
60 6608
61 6559
62 6595
63 6754
64 6785
65 6892
66 6405
