-6000.0000000000	0.0003234012	-1.3032032014	0.0042631609	0.0139059811
-5800.0000000000	0.0003375216	-1.7456198533	0.0042126877	0.0439320954
-5600.0000000000	0.0003403859	-3.5949047607	0.0041708416	0.0174155420
-5400.0000000000	0.0003446953	-4.2914463571	0.0041055209	0.0829825850
-5200.0000000000	0.0003496116	-5.0005015006	0.0040808769	0.0420070077
-5000.0000000000	0.0003515893	-6.2161425364	0.0040481342	0.0959070296
-4800.0000000000	0.0003486115	-7.5758353654	0.0039781755	0.1938939539
-4600.0000000000	0.0003516011	-8.2391784201	0.0039645774	0.1599223323
-4400.0000000000	0.0003490872	-9.2699485933	0.0039525647	0.3059327325
-4200.0000000000	0.0003462646	-10.8472024667	0.0039171165	0.3655867408
-4000.0000000000	0.0003399016	-11.9345916556	0.0038767429	0.4039791444
-3800.0000000000	0.0003385025	-12.5475984088	0.0038718997	0.4261590191
-3600.0000000000	0.0003345032	-13.3847262808	0.0038850628	0.5135288514
-3400.0000000000	0.0003268127	-14.5263167587	0.0038884587	0.5933893537
-3200.0000000000	0.0003197444	-16.3459719591	0.0038975928	0.7156403202
-3000.0000000000	0.0003069510	-17.9252782157	0.0038834502	0.8078098542
-2800.0000000000	0.0003032723	-18.5960980670	0.0038820479	0.8925866813
-2600.0000000000	0.0002995959	-18.7489992789	0.0038910379	0.8640430296
-2400.0000000000	0.0002915953	-19.7003563600	0.0039318489	0.9076388572
-2200.0000000000	0.0002853382	-20.8849439192	0.0039686483	0.9940596815
-2000.0000000000	0.0002784252	-21.9588598024	0.0039951326	1.0901418599
-1800.0000000000	0.0002722125	-23.0269409523	0.0040079907	1.0863395687
-1600.0000000000	0.0002630942	-24.1748300843	0.0040341887	1.2043990601
-1400.0000000000	0.0002574263	-24.7463739534	0.0040516483	1.2348344291
-1200.0000000000	0.0002468403	-26.1966594367	0.0040781859	1.2273275625
-1000.0000000000	0.0002447954	-26.1168480105	0.0041063565	1.2199660183
-800.0000000000	0.0002374520	-26.4327783612	0.0041378131	1.3021396881
-600.0000000000	0.0002334871	-26.8501196238	0.0041569100	1.3134900191
-400.0000000000	0.0002282607	-26.8360045427	0.0041718982	1.2656565341
-200.0000000000	0.0002284371	-27.3157254266	0.0041941411	1.3373220130
0.0000000000	0.0002255559	-28.7199068973	0.0042230894	1.3205883453
200.0000000000	0.0002269939	-28.0484925160	0.0042332842	1.3595806925
400.0000000000	0.0002229443	-27.9185446543	0.0042383050	1.3375548891
600.0000000000	0.0002234600	-28.3316163642	0.0042402920	1.3488261135
800.0000000000	0.0002278484	-26.7929774527	0.0042445458	1.3375513114
1000.0000000000	0.0002311951	-27.1190004270	0.0042429757	1.3642294042
1200.0000000000	0.0002338212	-27.2288787974	0.0042255052	1.3458033715
1400.0000000000	0.0002357602	-27.2534867655	0.0042271790	1.3143177944
1600.0000000000	0.0002318432	-28.2541001720	0.0042181372	1.2872392209
1800.0000000000	0.0002365222	-26.2986593093	0.0042118828	1.3344135355
2000.0000000000	0.0002440898	-26.4042789835	0.0041969779	1.2873196137
2200.0000000000	0.0002487696	-24.9655988591	0.0041617647	1.2669820836
2400.0000000000	0.0002507236	-26.2066207724	0.0041773160	1.3136988794
2600.0000000000	0.0002513618	-25.5026825668	0.0041649559	1.2651714730
2800.0000000000	0.0002520399	-26.5539985068	0.0041897753	1.3048046013
3000.0000000000	0.0002569716	-25.2371107762	0.0041635740	1.2890066469
3200.0000000000	0.0002657698	-23.8715850228	0.0041379856	1.2524362479
3400.0000000000	0.0002710909	-23.4898793436	0.0041343233	1.2324760599
3600.0000000000	0.0002787296	-23.1153579494	0.0041259379	1.2392830753
3800.0000000000	0.0002839602	-22.2041602735	0.0040969992	1.1961891602
4000.0000000000	0.0002910839	-21.6142770278	0.0040833264	1.1168389391
4200.0000000000	0.0003042331	-20.5768731046	0.0040626846	1.0382447489
4400.0000000000	0.0003124203	-20.1821143293	0.0040435018	1.0327350779
4600.0000000000	0.0003201392	-19.1416947344	0.0040456300	0.9571009187
4800.0000000000	0.0003300222	-18.4222910477	0.0040408995	0.9739006015
5000.0000000000	0.0003383567	-17.6854848547	0.0040274291	0.9774075072
5200.0000000000	0.0003440822	-17.4030454058	0.0040196649	0.9012412832
5400.0000000000	0.0003530805	-16.5743893668	0.0040134315	0.8843964831
5600.0000000000	0.0003584517	-16.2749830106	0.0040144846	0.8411322201
5800.0000000000	0.0003658733	-15.5980246258	0.0040074953	0.8154039280
6000.0000000000	0.0003749849	-14.8105925089	0.0040012532	0.7763610543
5800.0000000000	0.0003638417	-15.7711072696	0.0040150386	0.8260159212
5600.0000000000	0.0003536504	-16.8196875240	0.0040340398	0.8988676935
5400.0000000000	0.0003455711	-17.8057923433	0.0040477013	0.9543678493
5200.0000000000	0.0003340375	-18.4509273217	0.0040632212	1.0149927413
5000.0000000000	0.0003271366	-18.5624333106	0.0040860208	1.0440390868
4800.0000000000	0.0003174965	-19.6536815594	0.0041118386	1.0998953040
4600.0000000000	0.0003061214	-21.0519605807	0.0041298458	1.1231018691
4400.0000000000	0.0002966552	-21.2243765227	0.0041558225	1.1901043264
4200.0000000000	0.0002888756	-22.4265457512	0.0041934952	1.2507862295
4000.0000000000	0.0002751630	-23.5246902596	0.0042223376	1.2764558650
3800.0000000000	0.0002687926	-23.5425023494	0.0042475907	1.2933915327
3600.0000000000	0.0002591534	-23.7188733421	0.0042784193	1.3024545739
3400.0000000000	0.0002526885	-24.5444233043	0.0043115972	1.3341580685
3200.0000000000	0.0002374288	-25.8036737374	0.0043517341	1.3606181509
3000.0000000000	0.0002279439	-26.6552609892	0.0043905568	1.4028276539
2800.0000000000	0.0002230927	-27.5357223523	0.0044131464	1.3797667107
2600.0000000000	0.0002157025	-27.6294795915	0.0044398941	1.4073755763
2400.0000000000	0.0002127376	-27.1848702896	0.0044806950	1.4531496168
2200.0000000000	0.0002012518	-28.5824423601	0.0045034304	1.4445950004
2000.0000000000	0.0001930170	-28.6408068057	0.0045401173	1.4187036148
1800.0000000000	0.0001897268	-29.2619296326	0.0045699831	1.4490252661
1600.0000000000	0.0001831497	-28.3848080704	0.0045991523	1.3775079292
1400.0000000000	0.0001794590	-30.0128292139	0.0046204734	1.4812408385
1200.0000000000	0.0001691727	-29.4434459126	0.0046506793	1.4308925731
1000.0000000000	0.0001644233	-31.4165980288	0.0046548049	1.4702045977
800.0000000000	0.0001619359	-31.0830524166	0.0046938779	1.4758853772
600.0000000000	0.0001625602	-31.1038617397	0.0047004407	1.4190369046
400.0000000000	0.0001564938	-31.0299041858	0.0047161931	1.4432976455
200.0000000000	0.0001539602	-31.3256834243	0.0047204237	1.4365898550
0.0000000000	0.0001557562	-31.9970200003	0.0047300722	1.4559237308
-200.0000000000	0.0001593675	-30.8861334780	0.0047233465	1.4682661752
-400.0000000000	0.0001546430	-31.1009696759	0.0047264979	1.4408907880
-600.0000000000	0.0001553632	-31.0842112900	0.0047246224	1.4446641808
-800.0000000000	0.0001614383	-29.6778742026	0.0047108028	1.4164026884
-1000.0000000000	0.0001628518	-30.0440982802	0.0047107289	1.4577277539
-1200.0000000000	0.0001672407	-28.8636666034	0.0047140218	1.4319367116
-1400.0000000000	0.0001640105	-28.7367700108	0.0047357031	1.4197514683
-1600.0000000000	0.0001687711	-28.0880166240	0.0047141996	1.4460921675
-1800.0000000000	0.0001762697	-28.4470891394	0.0046889528	1.4198906596
-2000.0000000000	0.0001803128	-29.3861828728	0.0046737432	1.4598506195
-2200.0000000000	0.0001800145	-28.3682320509	0.0046711466	1.4484595996
-2400.0000000000	0.0001907595	-27.2435443509	0.0046432539	1.4245173157
-2600.0000000000	0.0001909937	-28.0693134969	0.0046310107	1.4189321951
-2800.0000000000	0.0001988882	-27.5739401059	0.0046021032	1.4219175306
-3000.0000000000	0.0002009584	-26.9901490356	0.0045784719	1.4446312715
-3200.0000000000	0.0002024194	-26.6301148379	0.0045663335	1.3977634357
-3400.0000000000	0.0002091268	-25.8768181550	0.0045358047	1.4105872514
-3600.0000000000	0.0002174628	-25.1203860848	0.0045020891	1.3951982643
-3800.0000000000	0.0002251453	-24.8233101780	0.0044841731	1.3804839165
-4000.0000000000	0.0002301351	-25.3181492912	0.0044590569	1.3778685595
-4200.0000000000	0.0002408283	-23.7056029987	0.0044345010	1.3433957018
-4400.0000000000	0.0002529340	-22.8390948971	0.0044146291	1.3099859720
-4600.0000000000	0.0002590227	-22.4056682042	0.0043853373	1.2640131992
-4800.0000000000	0.0002647619	-22.1759239981	0.0043675571	1.2382842224
-5000.0000000000	0.0002711175	-21.6451052112	0.0043330616	1.2075301117
-5200.0000000000	0.0002740496	-21.2310670417	0.0043394059	1.2612207174
-5400.0000000000	0.0002839407	-20.5569264224	0.0043130836	1.1546896584
-5600.0000000000	0.0002896176	-20.1530060942	0.0042922856	1.1628836910
-5800.0000000000	0.0002958800	-19.4727926621	0.0042788848	1.1295014370
-6000.0000000000	0.0003032381	-19.3179481520	0.0042722220	1.0556979072
