Angle (deg)	0
Gate  No.	Time [ms]	Counts
0	1000	4
1	2000	1
2	3000	2
3	4000	0
4	5000	4
5	6000	0
6	7000	0
7	8000	7
8	9000	1
9	10000	0
Mean	Std. Dev.
1.900	2.378
Angle (deg)	20
Gate  No.	Time [ms]	Counts
0	1000	0
1	2000	2
2	3000	1
3	4000	2
4	5000	0
5	6000	5
6	7000	2
7	8000	1
8	9000	2
9	10000	0
Mean	Std. Dev.
1.500	1.509
Angle (deg)	40
Gate  No.	Time [ms]	Counts
0	1000	1
1	2000	3
2	3000	1
3	4000	0
4	5000	5
5	6000	5
6	7000	2
7	8000	1
8	9000	0
9	10000	4
Mean	Std. Dev.
2.200	1.932
Angle (deg)	60
Gate  No.	Time [ms]	Counts
0	1000	0
1	2000	4
2	3000	3
3	4000	1
4	5000	0
5	6000	2
6	7000	1
7	8000	2
8	9000	3
9	10000	1
Mean	Std. Dev.
1.700	1.337
Angle (deg)	80
Gate  No.	Time [ms]	Counts
0	1000	2
1	2000	2
2	3000	3
3	4000	1
4	5000	0
5	6000	1
6	7000	2
7	8000	3
8	9000	2
9	10000	1
Mean	Std. Dev.
1.700	0.949
Angle (deg)	100
Gate  No.	Time [ms]	Counts
0	1000	1
1	2000	4
2	3000	0
3	4000	4
4	5000	2
5	6000	0
6	7000	0
7	8000	5
8	9000	1
9	10000	5
Mean	Std. Dev.
2.200	2.098
Angle Itr.	Counts Mean	
0.000	1.900
20.000	1.500
40.000	2.200
60.000	1.700
80.000	1.700
100.000	2.200
120.000	2.200
Mean	Std. Dev.
1.914	0.291
