Angle (deg)	0
Gate  No.	Time [ms]	Counts
0	1000	5
1	2000	0
2	3000	2
3	4000	3
4	5000	3
5	6000	3
6	7000	2
7	8000	2
8	9000	2
9	10000	6
10	11000	5
11	12000	3
12	13000	1
13	14000	4
14	15000	1
15	16000	3
16	17000	2
17	18000	1
18	19000	3
19	20000	8
Mean	Std. Dev.
2.950	1.905
Angle (deg)	15
Gate  No.	Time [ms]	Counts
0	1000	0
1	2000	2
2	3000	0
3	4000	2
4	5000	2
5	6000	2
6	7000	1
7	8000	4
8	9000	0
9	10000	2
10	11000	0
11	12000	5
12	13000	0
13	14000	1
14	15000	3
15	16000	5
16	17000	0
17	18000	0
18	19000	5
19	20000	1
Mean	Std. Dev.
1.750	1.803
