Gate  No.	Time [ms]	Counts
0	100	0
1	200	3
2	300	1
3	400	0
4	500	1
5	600	1
6	700	0
7	800	0
8	900	0
9	1000	0
Mean	Std. Dev.
0.600	0.966
Gate  No.	Time [ms]	Counts
0	100	0
1	200	1
2	300	0
3	400	0
4	500	2
5	600	0
6	700	0
7	800	0
8	900	0
9	1000	0
Mean	Std. Dev.
0.300	0.675
Gate  No.	Time [ms]	Counts
0	100	0
1	200	0
2	300	1
3	400	1
4	500	2
5	600	1
6	700	0
7	800	1
8	900	0
9	1000	0
Mean	Std. Dev.
0.600	0.699
Gate  No.	Time [ms]	Counts
0	100	0
1	200	0
2	300	0
3	400	0
4	500	0
5	600	3
6	700	0
7	800	0
8	900	0
9	1000	0
Mean	Std. Dev.
0.300	0.949
Gate  No.	Time [ms]	Counts
0	100	2
1	200	0
2	300	0
3	400	0
4	500	0
5	600	0
6	700	0
7	800	1
8	900	0
9	1000	0
Mean	Std. Dev.
0.300	0.675
Gate  No.	Time [ms]	Counts
0	100	0
1	200	0
2	300	0
3	400	0
4	500	0
5	600	1
6	700	0
7	800	1
8	900	0
9	1000	0
Mean	Std. Dev.
0.200	0.422
Gate  No.	Time [ms]	Counts
0	100	0
1	200	0
2	300	1
3	400	0
4	500	0
5	600	0
6	700	0
7	800	0
8	900	0
9	1000	1
Mean	Std. Dev.
0.200	0.422
Gate  No.	Time [ms]	Counts
0	100	0
1	200	1
2	300	0
3	400	0
4	500	0
5	600	0
6	700	0
7	800	0
8	900	0
9	1000	0
Mean	Std. Dev.
0.100	0.316
Gate  No.	Time [ms]	Counts
0	100	0
1	200	0
2	300	0
3	400	1
4	500	0
5	600	0
6	700	0
7	800	1
8	900	0
9	1000	1
Mean	Std. Dev.
0.300	0.483
Gate  No.	Time [ms]	Counts
0	100	1
1	200	0
2	300	0
3	400	0
4	500	0
5	600	0
6	700	0
7	800	0
8	900	0
9	1000	3
Mean	Std. Dev.
0.400	0.966
Gate  No.	Time [ms]	Counts
0	100	0
1	200	1
2	300	0
3	400	0
4	500	0
5	600	1
6	700	0
7	800	0
8	900	0
9	1000	0
Mean	Std. Dev.
0.200	0.422
Gate  No.	Time [ms]	Counts
0	100	0
1	200	0
2	300	1
3	400	0
4	500	0
5	600	0
6	700	1
7	800	0
8	900	0
9	1000	0
Mean	Std. Dev.
0.200	0.422
Gate  No.	Time [ms]	Counts
0	100	0
1	200	0
2	300	1
3	400	2
4	500	0
5	600	0
6	700	0
7	800	3
8	900	0
9	1000	2
Mean	Std. Dev.
0.800	1.135
Gate  No.	Time [ms]	Counts
0	100	0
1	200	0
2	300	0
3	400	0
4	500	1
5	600	0
6	700	0
7	800	0
8	900	0
9	1000	0
Mean	Std. Dev.
0.100	0.316
Gate  No.	Time [ms]	Counts
0	100	0
1	200	0
2	300	1
3	400	0
4	500	0
5	600	1
6	700	0
7	800	0
8	900	0
9	1000	0
Mean	Std. Dev.
0.200	0.422
Gate  No.	Time [ms]	Counts
0	100	0
1	200	0
2	300	0
3	400	2
4	500	1
5	600	1
6	700	0
7	800	0
8	900	0
9	1000	0
Mean	Std. Dev.
0.400	0.699
Gate  No.	Time [ms]	Counts
0	100	1
1	200	0
2	300	0
3	400	0
4	500	0
5	600	1
6	700	1
7	800	0
8	900	0
9	1000	0
Mean	Std. Dev.
0.300	0.483
Gate  No.	Time [ms]	Counts
0	100	0
Mean	Std. Dev.
0.000	NaN
Angle Itr.	Counts Mean	
0.000	0.600
10.000	0.300
20.000	0.600
30.000	0.300
40.000	0.300
50.000	0.200
60.000	0.200
70.000	0.100
80.000	0.300
90.000	0.400
100.000	0.200
110.000	0.200
120.000	0.800
130.000	0.100
140.000	0.200
150.000	0.400
160.000	0.300
170.000	0.000
Mean	Std. Dev.
0.306	0.198
