Gate  No.	Time [ms]	Counts
0	100	0
1	200	0
2	300	0
3	400	0
4	500	1
5	600	0
6	700	0
7	800	0
8	900	0
9	1000	1
Mean	Std. Dev.
0.200	0.422
Gate  No.	Time [ms]	Counts
0	100	0
1	200	0
2	300	0
3	400	0
4	500	0
5	600	0
6	700	0
7	800	0
8	900	0
9	1000	0
Mean	Std. Dev.
0.000	0.000
Gate  No.	Time [ms]	Counts
0	100	0
1	200	0
2	300	1
3	400	0
4	500	0
5	600	0
6	700	2
7	800	0
8	900	0
9	1000	0
Mean	Std. Dev.
0.300	0.675
Gate  No.	Time [ms]	Counts
0	100	0
1	200	0
2	300	2
3	400	0
4	500	0
5	600	0
6	700	0
7	800	0
8	900	1
9	1000	0
Mean	Std. Dev.
0.300	0.675
Gate  No.	Time [ms]	Counts
0	100	0
1	200	1
2	300	0
3	400	0
4	500	0
5	600	0
6	700	0
7	800	0
8	900	2
9	1000	0
Mean	Std. Dev.
0.300	0.675
Gate  No.	Time [ms]	Counts
0	100	0
1	200	0
2	300	0
3	400	0
4	500	0
5	600	0
6	700	0
7	800	0
8	900	0
9	1000	0
Mean	Std. Dev.
0.000	0.000
Gate  No.	Time [ms]	Counts
0	100	0
1	200	0
2	300	0
3	400	0
4	500	0
5	600	0
6	700	0
7	800	0
8	900	0
9	1000	0
Mean	Std. Dev.
0.000	0.000
Gate  No.	Time [ms]	Counts
0	100	0
1	200	0
2	300	0
3	400	1
4	500	1
5	600	0
6	700	0
7	800	0
8	900	0
9	1000	0
Mean	Std. Dev.
0.200	0.422
Gate  No.	Time [ms]	Counts
0	100	1
1	200	0
2	300	1
3	400	0
4	500	0
5	600	0
6	700	0
7	800	0
8	900	0
9	1000	0
Mean	Std. Dev.
0.200	0.422
Gate  No.	Time [ms]	Counts
0	100	0
1	200	0
2	300	0
3	400	0
4	500	0
5	600	1
6	700	0
7	800	0
8	900	0
9	1000	0
Mean	Std. Dev.
0.100	0.316
Gate  No.	Time [ms]	Counts
0	100	2
1	200	0
2	300	0
3	400	0
4	500	0
5	600	0
6	700	6
7	800	0
8	900	0
9	1000	0
Mean	Std. Dev.
0.800	1.932
Gate  No.	Time [ms]	Counts
0	100	0
1	200	0
2	300	0
3	400	4
4	500	0
5	600	0
6	700	0
7	800	0
8	900	0
9	1000	0
Mean	Std. Dev.
0.400	1.265
Gate  No.	Time [ms]	Counts
0	100	0
1	200	0
2	300	0
3	400	0
4	500	0
5	600	0
6	700	0
7	800	0
8	900	0
9	1000	1
Mean	Std. Dev.
0.100	0.316
Gate  No.	Time [ms]	Counts
0	100	0
1	200	0
2	300	1
3	400	0
4	500	0
5	600	0
6	700	0
7	800	0
8	900	0
9	1000	0
Mean	Std. Dev.
0.100	0.316
Gate  No.	Time [ms]	Counts
0	100	0
1	200	0
2	300	0
3	400	0
4	500	1
5	600	0
6	700	0
7	800	0
8	900	0
9	1000	0
Mean	Std. Dev.
0.100	0.316
Gate  No.	Time [ms]	Counts
0	100	0
1	200	1
2	300	0
3	400	0
4	500	1
5	600	0
6	700	0
7	800	0
8	900	0
9	1000	1
Mean	Std. Dev.
0.300	0.483
Gate  No.	Time [ms]	Counts
0	100	0
Mean	Std. Dev.
0.000	NaN
Angle Itr.	Counts Mean	
0.000	0.200
10.000	0.000
20.000	0.300
30.000	0.300
40.000	0.300
50.000	0.000
60.000	0.000
70.000	0.200
80.000	0.200
90.000	0.100
100.000	0.800
110.000	0.400
120.000	0.100
130.000	0.100
140.000	0.100
150.000	0.300
160.000	0.000
Mean	Std. Dev.
0.200	0.200
