Angle (deg)	0
Gate  No.	Time [ms]	Counts
0	1000	5
1	2000	4
2	3000	5
3	4000	2
4	5000	2
5	6000	0
6	7000	1
7	8000	6
8	9000	1
9	10000	12
10	11000	2
11	12000	0
12	13000	0
13	14000	1
14	15000	0
15	16000	1
16	17000	1
17	18000	1
18	19000	1
19	20000	2
Mean	Std. Dev.
2.350	2.889
Angle (deg)	15
Gate  No.	Time [ms]	Counts
0	1000	3
1	2000	4
2	3000	0
3	4000	4
4	5000	1
5	6000	0
6	7000	0
7	8000	5
8	9000	1
9	10000	2
10	11000	3
11	12000	4
12	13000	8
13	14000	2
14	15000	0
15	16000	2
16	17000	1
17	18000	5
18	19000	6
19	20000	0
Mean	Std. Dev.
2.550	2.305
Angle (deg)	30
Gate  No.	Time [ms]	Counts
0	1000	0
1	2000	1
2	3000	3
3	4000	7
4	5000	3
5	6000	0
6	7000	4
7	8000	3
8	9000	6
9	10000	2
10	11000	4
11	12000	4
12	13000	2
13	14000	5
14	15000	0
15	16000	1
16	17000	3
17	18000	1
18	19000	1
19	20000	1
Mean	Std. Dev.
2.550	2.012
Angle (deg)	45
Gate  No.	Time [ms]	Counts
0	1000	2
1	2000	0
2	3000	2
3	4000	0
4	5000	5
5	6000	0
6	7000	2
7	8000	4
8	9000	0
9	10000	0
10	11000	2
11	12000	2
12	13000	2
13	14000	2
14	15000	0
15	16000	2
16	17000	0
17	18000	2
18	19000	4
19	20000	0
Mean	Std. Dev.
1.550	1.538
Angle (deg)	60
Gate  No.	Time [ms]	Counts
0	1000	4
1	2000	2
2	3000	0
3	4000	3
4	5000	4
5	6000	2
6	7000	1
7	8000	2
8	9000	4
9	10000	2
10	11000	3
11	12000	1
12	13000	1
13	14000	0
14	15000	2
15	16000	1
16	17000	3
17	18000	3
18	19000	7
19	20000	6
Mean	Std. Dev.
2.550	1.820
Angle (deg)	75
Gate  No.	Time [ms]	Counts
0	1000	4
1	2000	2
2	3000	2
3	4000	8
4	5000	1
5	6000	5
6	7000	4
7	8000	4
8	9000	2
9	10000	3
10	11000	5
11	12000	1
12	13000	3
13	14000	4
14	15000	1
15	16000	0
16	17000	2
17	18000	0
18	19000	2
19	20000	0
Mean	Std. Dev.
2.650	2.033
Angle (deg)	90
Gate  No.	Time [ms]	Counts
0	1000	5
Mean	Std. Dev.
5.000	NaN
Angle Itr.	Counts Mean	
0.000	2.350
15.000	2.550
30.000	2.550
45.000	1.550
60.000	2.550
75.000	2.650
90.000	5.000
Mean	Std. Dev.
2.743	1.064
