Gate  No.	Time [ms]	Counts
0	100	0
1	200	2
2	300	0
3	400	1
4	500	0
5	600	0
6	700	3
7	800	1
8	900	0
9	1000	0
Mean	Std. Dev.
0.700	1.059
Gate  No.	Time [ms]	Counts
0	100	0
1	200	0
2	300	0
3	400	0
4	500	0
5	600	0
6	700	0
7	800	1
8	900	0
9	1000	0
Mean	Std. Dev.
0.100	0.316
Gate  No.	Time [ms]	Counts
0	100	1
1	200	0
2	300	0
3	400	0
4	500	0
5	600	0
6	700	0
7	800	0
8	900	0
9	1000	0
Mean	Std. Dev.
0.100	0.316
Gate  No.	Time [ms]	Counts
0	100	0
1	200	0
2	300	0
3	400	1
4	500	0
5	600	1
6	700	0
7	800	0
8	900	0
9	1000	0
Mean	Std. Dev.
0.200	0.422
Gate  No.	Time [ms]	Counts
0	100	0
1	200	0
2	300	1
3	400	0
4	500	0
5	600	0
6	700	0
7	800	1
8	900	0
9	1000	0
Mean	Std. Dev.
0.200	0.422
Gate  No.	Time [ms]	Counts
0	100	0
1	200	0
2	300	0
3	400	0
4	500	0
5	600	0
6	700	1
7	800	1
8	900	0
9	1000	2
Mean	Std. Dev.
0.400	0.699
