Gate  No.	Time [ms]	Counts
0	100	0
1	200	0
2	300	1
3	400	0
4	500	0
5	600	0
6	700	0
7	800	2
8	900	0
9	1000	0
Mean	Std. Dev.
0.300	0.675
Gate  No.	Time [ms]	Counts
0	100	0
1	200	0
2	300	0
3	400	0
4	500	0
5	600	0
6	700	2
7	800	15
8	900	0
9	1000	0
Mean	Std. Dev.
1.700	4.715
Gate  No.	Time [ms]	Counts
0	100	0
1	200	1
2	300	0
3	400	0
4	500	0
5	600	0
6	700	0
7	800	0
8	900	0
9	1000	1
Mean	Std. Dev.
0.200	0.422
Gate  No.	Time [ms]	Counts
0	100	0
1	200	0
2	300	1
3	400	0
4	500	0
5	600	0
6	700	0
7	800	0
8	900	0
9	1000	0
Mean	Std. Dev.
0.100	0.316
Gate  No.	Time [ms]	Counts
0	100	0
1	200	0
2	300	0
3	400	0
4	500	0
5	600	0
6	700	0
7	800	0
8	900	0
9	1000	1
Mean	Std. Dev.
0.100	0.316
Gate  No.	Time [ms]	Counts
0	100	0
1	200	0
2	300	0
3	400	0
4	500	0
5	600	1
6	700	0
7	800	1
8	900	0
9	1000	0
Mean	Std. Dev.
0.200	0.422
Gate  No.	Time [ms]	Counts
0	100	0
1	200	0
2	300	1
3	400	0
4	500	0
5	600	0
6	700	0
7	800	0
8	900	0
9	1000	5
Mean	Std. Dev.
0.600	1.578
Gate  No.	Time [ms]	Counts
0	100	0
1	200	0
2	300	0
3	400	0
4	500	0
5	600	1
6	700	0
7	800	0
8	900	0
9	1000	0
Mean	Std. Dev.
0.100	0.316
Gate  No.	Time [ms]	Counts
0	100	0
1	200	0
2	300	0
3	400	1
4	500	0
5	600	1
6	700	0
7	800	0
8	900	0
9	1000	0
Mean	Std. Dev.
0.200	0.422
Gate  No.	Time [ms]	Counts
0	100	0
1	200	1
2	300	0
3	400	0
4	500	0
5	600	0
6	700	0
7	800	0
8	900	0
9	1000	0
Mean	Std. Dev.
0.100	0.316
Gate  No.	Time [ms]	Counts
0	100	0
1	200	0
2	300	0
3	400	0
4	500	0
5	600	1
6	700	0
7	800	1
8	900	0
9	1000	0
Mean	Std. Dev.
0.200	0.422
Gate  No.	Time [ms]	Counts
0	100	0
1	200	0
2	300	0
3	400	0
4	500	0
5	600	0
6	700	0
7	800	0
8	900	0
9	1000	0
Mean	Std. Dev.
0.000	0.000
